CPUId, numReadHits, numReadMisses, numReadMissesServicedByShared, numReadMissesServicedByModified, numWriteHits, numWriteMisses, numWriteOnSharedMisses, numInvalidatesSent, numLLCMisses, numLLCHits

##### MESI #### bench1,	 8 threads,	 512 counters
0,	77401,	2697,	47,	34,	19285,	5385,	4121,	4126,	0,	0
1,	26638,	3724,	2064,	1606,	588,	39,	18,	22,	0,	0
2,	25623,	3675,	3135,	534,	208,	34,	15,	19,	0,	0
3,	25928,	3693,	2623,	1068,	317,	34,	15,	19,	0,	0
4,	25935,	3692,	3145,	534,	322,	32,	12,	17,	0,	0
5,	25940,	3696,	3662,	31,		325,	32,	13,	17,	0,	0
6,	25937,	3693,	3155,	533,	325,	32,	12,	17,	0,	0
7,	25624,	3680,	3145,	531,	214,	34,	15,	19,	0,	0
0,	0,	0,	0,	0,	0,	0,	0,	0,	3436,	21609

##### MESI #### bench2,	 8 threads,	 512 counters
0,	78816,	2685,	24,	30,	19760,	1272,	12,	13,	0,	0
1,	27247,	202,	58,	130,905,	92,	69,	75,	0,	0
2,	27065,	175,	84,	85,	840,	96,	76,	81,	0,	0
3,	26985,	197,	76,	96,	798,	89,	66,	72,	0,	0
4,	27044,	187,	97,	84,	825,	93,	70,	76,	0,	0
5,	26803,	168,	83,	71,	746,	84,	65,	69,	0,	0
6,	26465,	153,	73,	78,	613,	90,	71,	75,	0,	0
7,	26774,	169,	86,	75,	725,	90,	70,	75,	0,	0
0,	0,	0,	0,	0,	0,	0,	0,	0,	3429,	1228

##### MESI #### bench1,	 8 threads,	 1536 counters
0,	114362,	15174,	8258,	50,		26565,	10512,	8171,	8173,	0,	0
1,	75463,	12564,	5152,	2865,	663,	73,		15,	20,	0,	0
2,	74517,	12443,	5922,	2280,	299,	49,		12,	17,	0,	0
3,	74526,	12445,	7156,	1091,	307,	47,		11,	15,	0,	0
4,	74518,	12443,	8245,	20,		299,	49,		12,	17,	0,	0
5,	74524,	12445,	6161,	2091,	307,	47,		11,	15,	0,	0
6,	74279,	12427,	8234,	17,		206,	45,		9,	13,	0,	0
7,	74271,	12433,	8237,	29,		206,	45,		9,	13,	0,	0
0,	0,	0,	0,	0,	0,	0,	0,	0,	4461,	92054

##### MESI #### bench2,	 8 threads,	 1536 counters
0,	129401,	4241,	23,	30,		23829,	2302,	9,		10,		0,	0
1,	77731,	1645,	40,	141,	1794,	117,	95,		100,	0,	0
2,	77431,	1635,	60,	132,	1657,	134,	111,	115,	0,	0
3,	77426,	1639,	74,	119,	1665,	126,	104,	108,	0,	0
4,	77189,	1610,	64,	98,		1584,	115,	96,		100,	0,	0
5,	77490,	1627,	61,	113,	1695,	110,	89,		94,		0,	0
6,	77191,	1609,	59,	99,		1587,	112,	93,		97,		0,	0
7,	77494,	1625,	64,	107,	1685,	120,	101,	105,	0,	0
0,	0,	0,	0,	0,	0,	0,	0,	0,	4451,	12748

##### MESI #### bench1,	 8 threads,	 98304 counters
0,	3984529,	789299,	8236,	47,	1090826,	107261,	8171,	8171,	0,	0
1,	4719549,	786643,	7942,	310,	390,	59,		12,		16,		0,	0
2,	4719539,	786616,	4182,	3810,	345,	66,		21,		25,		0,	0
3,	4719092,	786574,	8184,	64,		206,	45,		10,		13,		0,	0
4,	4719090,	786573,	8183,	77,		206,	45,		9,		13,		0,	0
5,	4719095,	786573,	8236,	25,		206,	45,		9,		13,		0,	0
6,	4719138,	786576,	8190,	18,		207,	44,		9,		12,		0,	0
7,	4718864,	786525,	3107,	5088,	110,	35,		9,		12,		0,	0
0,	0,	0,	0,	0,	0,	0,	0,	0,	6384557,	708

##### MESI #### bench2,	 8 threads,	 98304 counters
0,	4968127,	101017,	31,	29,		411011,	99072,	8,		10,		0,	0
1,	4915831,	98397,	32,	136,	98460,	113,	92,		96,		0,	0
2,	4915876,	98406,	72,	124,	98430,	129,	105,	110,	0,	0
3,	4915636,	98380,	54,	108,	98348,	119,	100,	104,	0,	0
4,	4915892,	98393,	63,	106,	98460,	113,	94,		98,		0,	0
5,	4916131,	98420,	76,	108,	98551,	114,	92,		97,		0,	0
6,	4915636,	98380,	64,	106,	98348,	119,	100,	104,	0,	0
7,	4915892,	98393,	71,	96,		98468,	105,	85,		89,		0,	0
0,	0,	0,	0,	0,	0,	0,	0,	0,	887434,	715