## Lilla Mesi 3
1	22314	4252	54	4140	719	4112	4090	4095	0	0
2	21538	4225	81	4137	402	4133	4110	4116	0	0
3	21549	4228	91	4119	414	4130	4108	4113	0	0
4	21052	4191	67	4120	216	4127	4108	4112	0	0
5	21308	4207	87	4117	321	4128	4108	4113	0	0
6	21304	4201	72	4121	311	4133	4113	4118	0	0
7	21312	4208	84	4120	324	4128	4109	4113	0	0
0	0	0	0	0	0	0	0	0	3441	1215

## Mellan mesi 3
1	62678	12514	104	8146	4706	8133	8084	8090	0	0
2	62164	12469	134	8133	4437	8178	8131	8136	0	0
3	62440	12489	110	8140	4557	8179	8132	8137	0	0
4	62615	12522	156	7866	4899	7912	7856	7860	0	0
5	62224	12446	106	8141	4478	8166	8129	8134	0	0
6	62225	12445	78	8149	4476	8168	8132	8136	0	0
7	62221	12446	74	8171	4478	8166	8129	8134	0	0
0	0	0	0	0	0	0	0	0	4468	35718


## STOR mesi 3
1	3933548	786686	125	7899	779133	7907	7850	7854	0	0
2	3932687	786577	35	8083	778580	8102	8067	8070	0	0
3	3932643	786573	77	8144	778517	8165	8130	8133	0	0
4	3932642	786573	95	8136	778517	8165	8129	8133	0	0
5	3932642	786573	81	8147	778517	8165	8129	8133	0	0
6	3932645	786573	83	8143	778517	8165	8129	8133	0	0
7	3932637	786573	69	8158	778517	8165	8129	8133	0	0
0	0	0	0	0	0	0	0	0	6329140	769

## Lilla mesi-mig 1
1	26695	3987	0	3942	707	27	0	10	0	0
2	25497	4404	0	4400	433	23	0	6	0	0
3	26009	3871	0	3869	420	23	0	6	0	0
4	25026	4286	0	4284	235	20	0	5	0	0
5	25029	4281	0	4275	229	19	0	4	0	0
6	25321	4318	0	4306	341	20	0	5	0	0
7	25302	4330	0	4321	337	20	0	5	0	0
0	0	0	0	0	0	0	0	0	3441	629

## Lilla mesi-mig 3
1	21132	4321	0	4308	4412	23	0	6	0	0
2	21160	4350	0	4346	4416	22	0	5	0	0
3	21909	4391	0	4328	4703	22	0	5	0	0
4	20956	4285	0	4283	4321	19	0	4	0	0
5	21996	3238	0	3224	4321	19	0	4	0	0
6	20955	4289	0	4288	4324	19	0	4	0	0
7	20722	4207	0	4204	4228	9	0	3	0	0
0	0	0	0	0	0	0	0	0	3433	640

## Mellan mesi-mig 1
1	74841	12660	0	8450	502	50	0	7	0	0
2	74582	12639	0	8389	392	48	0	6	0	0
3	75062	12699	0	8224	572	58	0	6	0	0
4	74631	12600	0	8338	398	48	0	6	0	0
5	74404	12557	0	8351	296	47	0	5	0	0
6	74379	12588	0	8385	316	38	0	6	0	0
7	74409	12564	0	8353	320	37	0	5	0	0
0	0	0	0	0	0	0	0	0	4469	34862

## Mellan mesi-mig 3
1	62337	12567	0	8341	12671	50	0	7	0	0
2	62382	12545	0	8068	12675	44	0	4	0	0
3	62133	12530	0	8330	12583	48	0	5	0	0
4	61918	12483	0	8220	12502	36	0	4	0	0
5	62117	12547	0	8326	12605	36	0	4	0	0
6	61903	12499	0	8298	12502	36	0	4	0	0
7	61896	12503	0	8302	12502	36	0	4	0	0
0	0	0	0	0	0	0	0	0	4466	34833


## STOR mesi-mig 1
1	4719927	786795	0	8147	571	59	0	6	0	0
2	4719253	786674	0	8330	296	47	0	5	0	0
3	4719283	786684	0	8281	294	46	0	4	0	0
4	4719231	786691	0	8348	293	47	0	5	0	0
5	4719218	786692	0	8279	287	47	0	5	0	0
6	4719021	786644	0	8301	215	36	0	4	0	0
7	4719027	786627	0	8275	209	36	0	4	0	0
0	0	0	0	0	0	0	0	0	6328929	341


## STOR mesi-mig 3
1	3933741	786837	0	8182	787102	59	0	6	0	0
2	3932590	786618	0	8213	786631	37	0	4	0	0
3	3933039	786756	0	8367	786832	48	0	6	0	0
4	3932780	786745	0	8401	786745	37	0	5	0	0
5	3932759	786771	0	8427	786748	37	0	5	0	0
6	3932773	786756	0	8402	786748	37	0	5	0	0
7	3932572	786635	0	8289	786646	36	0	4	0	0
0	0	0	0	0	0	0	0	0	6328903	347