100
38.3 88.6 77.7 91.5 79.3 33.5 38.6 49.2 64.9 42.1 36.2  2.7 69.0  5.9 76.3 92.6 54.0 42.6 17.2 73.6 21.1 36.8 56.7 42.9 78.2 53.0 86.2 12.3  6.7 13.5 92.9 80.2  2.2  5.8  6.9 16.7 39.3 45.6  1.1  4.2 22.9 37.3 42.1 91.9 78.4 53.7 19.8 32.4 31.5 37.0 41.3 52.6  9.1 98.0 95.6 87.3 86.2 17.0 99.6 28.1 30.5 92.5  8.4 32.7 33.6 50.5 84.6 72.9 31.3 85.7 12.4 89.5 58.2 54.5 81.4 36.7 43.4 36.4  4.3 75.0  8.7 80.8 27.6 17.8 78.8 58.4 40.3 65.1 75.4 39.9 93.2  6.0 67.6 36.8 73.9  1.2 22.6 58.6  9.4 53.9 
79.5 57.0 43.4 37.8 46.7 60.1  9.7 90.2 31.7 49.2 65.2 75.6 30.1 28.0 28.6 44.1 86.5 68.9 44.4 61.9 44.0 72.9  3.1 11.7  9.7 77.1 48.1 67.5 70.9 92.7 56.7 85.6 49.7 35.3 58.6 96.5 30.6 68.3 21.9 62.4 52.8 87.1 73.2 82.9 50.3  1.9 27.0 36.8 70.8 71.5 34.0 14.9 79.6 72.3 61.8 24.5 84.6 45.1 92.1 55.5 37.9 48.8 76.4 22.8 84.1 35.0 19.3 50.0  3.4 76.4 12.4 91.4 98.7 85.6 74.3 49.1 22.7 36.5 85.9 93.6 43.2 55.1 43.7 22.8 27.5 40.7 47.4 12.1 85.8 39.5  2.9 23.7 23.5 79.3 81.8 42.8 14.3  1.1 92.8 52.9 
77.6 40.4 44.3 76.3 61.3 53.8 60.6 84.0 90.4 81.8 12.8 68.8 36.9 91.7 91.7 99.6 32.4 74.3 47.0 18.3 49.0 49.9 77.2 72.5 64.4 59.0 50.5 13.9 95.4 78.6 66.9  8.2 54.2 46.4 19.7 50.7 35.5 80.4 34.8 61.1 62.2 82.8 29.9 34.3 74.6 56.8 34.0 42.2 31.1 81.0 60.5 80.1 66.1 73.0 87.8 30.5 32.0 73.6 44.4 62.6 52.2 46.5 70.8 41.6 28.2 25.8 92.4 63.7  6.2 62.4 60.0  3.6 45.2 89.9 37.9 55.0 46.8  7.1 97.3 13.1 88.1 93.0 93.3 89.4 66.0 16.3 19.9 98.1 89.9 99.6 95.9 77.3 81.3 66.8 19.0  9.5 92.6 46.6  8.4 34.0 
 9.0 68.4 37.6 54.2 93.6 10.7 44.5 75.6 17.9 41.8 88.7 41.2 34.8 17.2 65.9  0.9 33.6 21.0 34.2 58.7 20.6 30.1 71.3 37.2 32.1 25.5 81.9 59.9 72.1 90.4 93.9 81.1 94.0 66.7 70.5 22.8 12.7 15.0 98.4 65.8 92.0 22.4 42.2 26.9 39.6  8.1 63.0  8.4 29.2 97.2 67.2 85.0 62.5 38.5 22.2 29.9 64.0  4.2 89.8 71.3 29.8 19.0 52.4 59.0 20.9 58.1 81.9 33.6 73.2 15.5 99.4  0.4 37.9 76.9 27.3 77.6 85.0 25.5 86.0 14.2 57.9 88.4 99.3 20.5 62.1 56.7 50.4 61.3 96.1 75.4 32.6 25.9 94.4 20.2 20.2 50.6 78.4  2.1 84.2 86.8 
52.8 18.9 87.2 90.8 95.8 49.8  3.6 80.8 75.3 24.8 30.3 33.3 13.3 64.8 89.0 75.4 56.7 74.6 36.8 52.9 50.0  4.6 78.8 79.7 24.9 99.0 30.3  3.3 36.3 49.7 25.3 89.2 68.6 12.5 15.2 99.6 97.5 18.8 15.7 72.9 43.6 46.0 41.4 92.1 46.0 30.4  2.8  2.7  5.0 74.8 55.6 90.2 79.4 69.7 69.9  4.3  3.9  0.2 42.8 40.3 50.0 68.1 64.7 53.8 15.9 15.1 53.5 13.4 33.9 69.2 21.5 12.7 50.4 62.9  4.9 96.4 28.5 42.9 34.3 33.5 17.7 90.0 23.8 97.1 94.9 28.9 36.7 98.8 29.2 79.5 74.3 14.4 82.9 39.0 68.2 34.0 54.1 56.9 82.6 23.2 
26.1  4.2 36.0 11.7  2.3 76.1  8.1 30.9 19.0 42.5 99.6 36.7 67.7 23.4 69.0 62.6 52.4  5.7 61.4 16.8 20.5 35.8 31.2 38.6 10.0 34.6 72.6 99.4 91.6 55.2 57.8 52.9 94.6 29.0 64.7 97.0  5.1  8.0 63.1 59.3 85.7 62.7 31.2 88.6 21.4 35.5 51.2  9.0 41.2 47.9 61.0 96.9 18.9 27.4 35.5 64.1 62.0 43.3 98.7 88.8 33.8 56.6 77.0 28.4 85.6 41.7 60.6 26.0 84.9 23.7 20.5  5.9 21.7 51.8 94.5 78.3 87.3 45.8 87.3 63.7 28.9 48.3 60.7 47.8 75.7 31.4 47.1 72.9 10.0 45.9 61.8 43.8  2.5 38.8  7.4 23.3 15.7 68.1 49.3 35.8 
27.0 69.9 41.7 83.9 56.9 36.3 62.2 79.4 17.3 84.7 43.1 46.2 68.2 39.0 29.2 79.1  5.7 11.5 52.1 15.7 57.4 49.1 94.7 95.1 23.1  2.1 53.7 74.0  5.4  3.0  9.8 32.5  8.1 51.6 51.6  0.2 23.1 13.9 79.6 40.4 33.8 58.0 21.8  2.1 97.0 86.2 81.2 37.9 97.7 68.5 53.6 90.4 17.6 48.3 20.7 75.9 85.7 74.4 49.9 91.1 12.7 95.0 23.6 56.0 81.8 10.5 56.3  4.9 24.4 71.1 80.5 93.4 29.1 37.5 95.5 61.4 58.9 76.8 99.3 91.8 80.5 88.2 82.2 98.2 71.7  3.0  9.3 57.4 12.6 59.3 48.6 25.3 54.3  7.4 81.4 71.3 17.9 37.7 76.2 77.5 
 8.8 91.9 71.0 73.2 29.4  1.7 34.6 23.5 13.7 69.1 15.3 94.3 57.3 32.8 92.5 29.1 71.0  1.8 21.7 83.6 96.3  5.5  9.0 85.8 13.0 90.4 57.1 66.1 63.3 68.5 78.9  7.3 60.4 85.1 80.5 25.0 86.8 50.3 48.5  0.6 19.5 63.9 94.9 12.0 96.7 22.6 76.3 67.7 59.6 98.1 86.5 56.0  3.6 95.5 77.0 51.8 21.1 34.2 53.2 19.6 37.9 32.1 27.0 98.4 17.2 42.7 23.4  4.0 28.3  7.2 39.8 83.0  6.3 34.7 95.0  3.0 57.3 71.4  5.9 52.2  4.7 92.4  8.2 43.5 23.2 20.4 95.4 44.3 89.8 48.6 64.0 27.8 15.9 26.2 26.2 68.3  4.1 84.8 72.3 32.4 
27.2 12.2 15.4 33.5 82.1 45.7 36.5 74.7 17.1 77.6 26.9 21.8 70.1 70.3 65.3 93.3 90.7 95.9 72.8 80.6 79.7 72.0  8.4 30.8 33.4 69.8 99.1 37.6 89.8 71.5  5.2 17.1 18.9 55.9 50.6  1.0  1.6 22.4 10.9 53.9  0.0 37.8 10.9  5.3  8.1 11.4 33.8 98.9 42.6  6.7 14.7 22.3 78.7 23.1 53.2 12.2 28.1 87.5 85.0 17.9 59.0 25.4 35.0 13.1 81.3 85.7 49.4 18.1  8.1 60.3 72.0 43.3 98.2 18.1 48.7 41.5 29.6 82.5 40.4 72.2 89.2 55.1 29.7  3.2 13.4 18.1 50.6 41.5  5.7 70.8 59.5 99.9 96.2 29.7 48.3 77.6 15.4 97.7 30.9 58.7 
93.2 38.2  2.1 26.6 56.3 86.0 68.2 21.1 68.5  8.6 28.5 93.0 99.0 58.3 31.4 47.6 11.6 82.0 89.2 52.5 52.8 83.9 52.5 49.0 13.6 36.0 61.8 64.3 33.7 92.8 58.2 62.1 31.0 95.5 88.8 22.5 81.5 57.0 43.7 85.3  0.8 72.2 78.3 35.0 65.7  9.7 82.7 12.6 26.9  7.1 65.1 14.9 91.0 52.8 63.9 39.8 88.8 61.0 39.3 57.7 89.0 97.6 19.9 55.2 93.1  8.7 77.7  9.9 65.7 56.6 95.2  1.7 64.1 73.5 36.8 29.8 18.4 19.5 77.6 80.5 26.6 42.8 95.4 52.8 30.8 59.3 27.8 19.7 55.5 67.2 77.4 44.5  0.0 32.5 99.7 28.3 41.2 12.7 38.2 42.1 
69.3 33.4 43.9 33.4 42.1 15.9 98.5 95.7 35.4 76.1 76.2 97.2 54.1 71.6 85.2 85.0 66.2 48.2 39.9 21.7 15.4 17.3  1.5 50.6 85.1 36.4 79.0 26.3 49.1 17.2  3.7 53.7 85.9 82.8 87.1 28.0 98.7 85.6 59.0 34.1 97.0 35.2 66.5 51.1  6.9 51.7 36.1  8.3 35.1 11.2 30.0 50.6 63.8 66.7 36.4 48.9  3.2 15.4 10.4 87.5 67.9 14.1 41.2 53.8 96.9 63.6 17.0 95.6 84.4 76.0 64.9 81.4 46.5 31.4 32.6 88.6 18.3  3.9 96.9 53.5 15.2 62.1 39.3 79.0 28.9 10.9 63.1 67.3 26.4 73.5 54.8 29.5 87.7 31.3 83.3 19.8 94.9 35.5 15.5 79.3 
46.8 15.6 96.0 93.3 82.3 28.6 17.1 35.8 67.7 14.0 24.5 18.1 76.1 99.0 32.3  5.0 10.0 95.4  7.5 36.4  4.2 62.4 65.9 91.9 28.9 84.4 46.9 23.8 55.1 97.6 38.3  1.9 13.3 34.3 30.4 95.6 98.1 47.5 66.6  1.1 96.7 91.2 19.2 72.9 90.2 86.8 13.1  0.2 17.4 20.7 71.8 21.6 18.3 37.7 48.7 47.2 57.3 95.7  6.2 12.5 93.3 79.7 49.6 41.8 14.1 15.3 72.6 47.4 98.0 39.3 48.5 94.8 30.5  3.0  2.9 55.9 89.8 16.0 56.2 42.4 71.9 28.0 64.1 90.2  1.0 48.0 72.6 58.3 78.9 14.0 70.8 72.3 93.8 55.7 49.3 43.1 71.0 22.0 90.5 69.0 
61.3 39.1 63.8 27.0 42.1 66.7 82.9 67.1 18.0 74.3  9.5 89.9  2.4  8.8 15.4 38.6 56.9 23.2 96.9 71.0 37.3  3.0 43.3 66.3 58.7 27.9  9.4 64.9 49.9 35.1 33.9 46.4 74.2 33.0  8.6 51.5 34.9 91.5 18.6 88.1  1.1 63.4 13.3 38.7 72.2 28.7 77.3 64.3 51.9 74.2 35.4 24.4 12.4 13.9 25.9  6.3 41.8 35.3 71.2 26.9 70.5 40.4 73.3 79.9 73.4 81.9 31.5 43.5  8.7 85.3 66.9 45.0 48.7 80.2 83.7 56.2  8.9 61.0 20.5 96.0 70.4 91.1 55.7 82.9 40.3 81.6 89.2 82.1 52.2 60.5 44.3 57.9 36.1 52.8 37.8 44.7 70.0  4.5 88.2 78.7 
89.9 55.1 58.9 38.6 35.3 42.6 94.8 79.4  3.6 50.6 10.7  9.2 41.7 66.4 92.1 82.0 48.0 16.6 99.4 35.4 12.3 43.7 93.3 48.4 31.7 31.2 93.1  1.7 70.9 16.5 15.6 60.8  6.9 74.5 99.5 42.2 17.1 29.5 56.9 55.9 80.1 67.6 65.2 57.1 34.0 92.5 74.3 17.2  9.1  8.9 52.7 56.6 87.8 81.2  5.0 19.6 12.4 33.3 21.3 18.6 49.9 37.0 79.4 56.8 11.5 14.1 34.2 63.9 43.7 26.3 19.8 59.0 93.9 20.2 51.3 63.1 12.8 25.7 80.4 57.1 34.6 68.3 13.8 22.5 49.5 54.0 42.1 97.2 22.6 63.4 15.8 72.5 35.6 95.2 64.5 47.2 44.6 33.9 11.1 88.3 
60.3 66.1 82.5 54.2 21.6 33.9 17.4 34.4 59.6 33.0 26.7 29.4  1.3 75.7 51.9 86.0 65.0 29.2 83.2 87.6 27.9 99.0 95.3 63.5 29.5 59.8 10.7 74.1 93.7 57.0 97.6 54.0 58.4 80.1  8.3 80.0 49.2 60.9 49.6 44.0 93.9 76.3 73.5 30.4 87.3 60.6 16.4 52.3 25.1 34.9 75.1 53.0 33.9 70.4 16.5 98.6 30.2 62.5  7.9 59.1 54.7 40.7 48.4 13.1 56.1 91.9 93.1  5.3 52.8 42.7 49.4 81.9 54.3 58.1 12.3 76.8 18.7 63.9 64.3 43.8 98.8 39.4 32.0 68.0  9.8 48.6  1.8 75.2 46.3  9.8 69.5  1.0 50.5 17.9 14.2  6.6  9.8 42.5 47.2 97.8 
85.3 96.6 79.7 74.8 54.7 27.2 51.6  8.6 91.2 15.9 87.7 90.0 55.3 19.7 93.2  0.3  3.5 95.1 10.7 49.8  4.9 15.4 86.1 90.6 33.4  0.3 32.5 78.4 42.8 79.7 76.3 63.3 11.5 56.0 38.1  1.4 18.5 89.7 10.0  9.7 40.8 32.9 34.9 31.3 87.9 63.4 31.6 91.4 58.5 77.5 76.5 98.6 93.0 62.6 89.2 61.6 62.9 56.9 75.2 40.9 36.6 51.5 39.5 83.3 42.8 77.6 84.7 61.3  2.6 30.0  6.2 78.6 62.9 76.3 10.0 50.8 39.7 41.6 77.5 98.2 54.4 54.0 32.0 82.6 51.8 56.5 79.4 49.9 13.4 54.6 90.8 85.3  6.2 30.3 68.6 84.2 43.2 53.4 80.7 81.0 
83.4 86.9 59.6 81.5 98.4 69.6 32.4 38.2 46.5 45.1 71.6 36.1 34.3  3.7 18.7 86.1 60.2 98.1 36.0  8.8 87.9 62.0 94.1 29.3 92.4 62.8 13.5 70.8 16.2 94.2 87.0 99.6 16.3 46.6 81.1 50.0 51.5 48.7 23.4 33.2 29.0 95.0 69.3 63.3 33.9 88.0 49.4 29.3 21.3 85.4 38.2 44.4 47.5 32.3 73.8 75.1 95.1 87.3 81.1 46.5 16.8 68.1 81.3 68.3 49.9 97.7 53.5  1.4 46.4 76.9 34.6 10.7  7.2 39.1 74.0 41.1 62.3 58.7  5.7 83.6 79.3 43.9 28.1 62.0 11.4 37.1 37.1 41.8 59.6 53.4 88.3 76.4 56.7 69.7 80.0  6.7 67.4 33.5 43.3 49.0 
45.7 13.2 94.9 52.9 52.3 69.0 29.2 14.7 62.9 34.9 33.5 42.2 14.0 96.8  4.3 25.5 33.9 76.6  2.5 93.6 65.3 26.0  5.2 22.0 95.7 20.4 28.7 98.3 54.0 72.1 82.6 99.7 20.5 12.7 87.8 72.8 16.9 17.0 22.7 79.8 52.0 56.3 22.1 66.0 88.3 61.6 26.7 22.3 38.2 29.2 51.1  3.5 55.3 56.3 60.8 86.2 76.8 89.5 19.8 66.0 96.8 37.6  0.9 17.3 50.3 88.7 25.4 67.3  5.7 48.1 82.3 92.9 39.6  4.4 94.2 28.0  1.2 20.9 85.5 74.7 85.4 36.6 13.4 75.9 28.1 74.2 97.3 40.1 63.8 17.1 41.3 95.8 89.9 42.2 48.4 75.5 66.1  9.0 78.0  7.1 
92.3 60.3  0.0 32.0  0.0 94.2 95.2  1.2 50.4 80.7 75.9 35.8 52.5 89.4 11.7 15.8 63.6  9.0 56.0 62.6 61.4 97.3 93.7 86.5 74.8 42.1 62.0 40.9 86.3 40.0 83.2 78.6  0.4 83.3 45.8 35.6 12.7 41.0 36.8 63.1 56.9 12.8 34.1 44.6 37.4 45.8 60.5  1.0 90.1 16.5 98.9 86.7 49.0 92.6 73.2 23.8 69.9 70.5  0.0 56.2 45.7 83.2 34.8 46.1  1.7 80.7 16.9 49.7 56.9 53.8 12.8 13.9  1.8 47.0 58.5 39.2 28.0 54.2 75.4 53.3 70.7 74.3 40.0 55.0  2.1 48.5 78.8 72.0 19.0 14.0 63.4 64.7 32.5 98.3 46.1 69.4 14.2 63.0 19.1  6.3 
52.0 32.0 55.4 53.8 14.2 49.2 93.0 42.2  3.4 68.5 30.8  9.4 78.0 70.8 64.4 80.2 54.5 78.4 52.2  8.7 92.5 15.7 73.5 60.2 49.2 54.8 29.6 98.6 53.0 84.0  4.9  5.1 51.2 95.6 58.9 65.4 44.8 87.2 42.8 48.2 55.7  8.8 57.6 33.7 79.7 22.0 13.9 69.4  0.5  1.4 78.2 28.2 52.3 86.9 23.6  1.5 41.7 88.4 35.3 29.9 72.4 75.4 35.0 23.6 71.0 29.2 24.2 15.8 16.4  2.3 64.1 72.1 11.1 56.9 41.0 26.0 79.0 90.2 95.5 14.7 91.6  8.9 78.1 43.9 95.8  1.7 80.6 37.5 90.1 51.1 67.4 97.8 26.5 37.7 56.6 97.6 66.9 16.1 13.4 83.3 
53.6 12.7 90.6 99.9 69.7 31.6 26.0 83.9 57.0 56.7 98.6 48.6  0.8 76.7 27.7 96.6 13.6 43.5 69.3  3.7 94.6 71.9 36.7 21.2  9.6 93.4 54.0 11.7  9.5 67.4 95.0 63.1 80.2 20.8 63.0 85.1 52.5 24.2 69.0 44.7 16.1 67.6 93.4 16.9 79.5 56.3 13.5 93.1 35.1 18.0 32.0 29.7 90.0 68.8 86.1 99.6 97.4 40.1 11.4  6.9 42.8 41.6  5.2 58.2 62.5 68.2 43.3 50.2 27.7 12.3 94.9 79.0 15.1 23.5 96.0 94.6 79.9 44.7 22.9 50.2 62.8 54.9 79.9 52.8 58.9  1.3 87.6 56.3 76.6 99.0 98.4 19.4 75.9  3.6 77.6 38.4  7.1 20.9 23.8 70.0 
68.4 53.9 49.0 83.5 77.5 45.0 78.1 92.6 25.0 36.2 42.8 87.8 26.4 57.9 75.8 85.3 94.4 63.4 76.9 71.1 97.7 10.5 25.7 73.6 14.2  3.4 47.2 56.5 59.5 71.0 26.5 63.2 24.9 10.7 46.7 37.6 55.8 60.1 30.2 16.0 96.3  8.2  3.8 22.7  1.4 79.6 43.3 95.8 43.0 55.4 66.9 40.7 65.9 92.7 49.5 80.1 31.3 96.7 71.8 26.0  2.9 33.5 89.2 63.1 44.3 71.2  0.7 35.3 31.3 66.2 51.3 62.8  9.6 55.1 85.6 11.0 69.9 64.1  6.9 48.1 19.5  9.0 88.9 85.4 36.9 73.6  0.8 68.2 70.4 72.6 29.5 73.3 41.4 18.7 36.4 85.7 25.1 72.4 21.0 56.4 
73.8 72.3 19.3 83.4 62.6 40.1 94.5 32.5 39.4 36.6 80.6 58.9 45.6  4.7 79.5 82.6 78.4 80.3 86.0 84.0 88.2 15.5 57.3 64.8 69.5 29.0 50.5 94.6 36.6  6.7 86.3 10.4 79.0 40.8 29.0 76.8 16.1 23.5  9.3 55.5 60.1 25.1 14.4 41.0 65.1 29.1 58.8 43.5 44.7 44.8 27.5 68.1 95.6 20.0 32.9 65.1 84.2 83.4 94.9 56.0 90.1 16.4 66.4  4.3 57.2 95.5 81.1 73.3 54.2 25.6 64.0 49.6 85.9 13.6 25.8 51.0 42.8 84.6 29.7 87.5 29.4 92.4 55.6 25.0 12.5 88.5 25.3 31.9  7.1 55.5 88.0 32.4 71.9 89.6 36.7 64.4 20.3 53.0 72.9 74.6 
78.6 37.0 59.4 64.5 85.8 85.2 50.8 28.6 69.8 80.5 51.3 34.4 73.0 42.1 94.7 20.7 65.8 20.0 87.8 72.9 10.7 75.8  5.3 17.9  0.7 77.2 17.5 21.0 30.2 90.4 30.8 44.0 62.6 90.2  8.6 48.5 10.6 94.6 12.3 80.4 75.1 63.7 50.1 83.3 41.0 44.8 39.2  6.9  0.0 27.1 15.0 10.8 38.1 55.6 28.7 38.8 32.8 46.2 95.1 98.3 71.8 25.9 42.3 34.5 51.4 86.1 18.2 97.2 80.7 65.7 12.9 91.1 29.4 63.0 74.4  5.7  7.8 13.7 12.6  7.8 76.0 62.8 18.6 14.1 18.4 82.5 88.2 86.5 63.9 83.3 84.8 35.8 44.4 62.3  5.5 31.0 48.5 58.9 28.3 64.4 
24.6 41.2 55.5 89.3  4.2 30.0 95.0 12.0 78.9 42.8 55.0 54.9  5.6 73.7  4.2 24.1 91.4 92.4 45.8 55.4 10.9 65.8 26.4 55.4 28.1 31.9 21.6 11.8 26.0 49.9 76.3 50.6 26.3 31.8 39.9 30.5 97.0 70.1 77.7 11.1 12.9 32.8  1.2 18.6 41.7  5.5 77.9 68.3 97.9 58.9 23.7  8.9 24.7 85.3 99.5 88.0 52.4 21.1 99.9 78.4 71.1 11.4 64.3 32.6 78.4  4.2 63.2 10.7  9.6 76.1 21.8 22.5 44.1 23.1 76.3 21.0 28.6 89.4 89.4 61.7 83.5 48.3  5.8  8.2 33.7  5.3 31.5 21.3 61.7 31.4 99.8 68.0 78.0 64.1  0.6 56.4  3.5 63.8  2.3 13.1 
75.2 24.2 70.9 54.5 82.5 82.4 75.6 46.3  7.1  0.2  8.0 90.6 48.5 49.1 98.9 17.4 54.4 65.6 38.8 16.1 97.0 73.8 84.1 10.2 37.9 84.8  1.8 76.6 83.8  4.2 25.0 94.2 28.4 95.9 48.8 46.1 13.5 59.6 92.4 20.6 59.8 35.6 11.3 43.5 84.7 45.4 96.2 74.4 11.0 70.2 25.7 43.2 44.0 45.1 88.6 17.1 29.9 90.4 28.9 48.9 94.6 53.9 78.4 58.2 85.0 27.2  4.3 98.6 86.8 31.9 19.2 81.8 67.6 65.7 25.3 87.5 46.3 21.5 61.9 92.5 26.9 87.7 70.9 70.9 68.0 59.5 23.2 33.1 50.0 52.2 82.0 44.6 41.3 95.6  2.9 26.4 22.8 42.4 25.0 44.8 
74.4 79.4 61.8 77.2 80.4 87.2 64.7 26.7 43.9 61.9 19.3 70.9 84.8 25.4 77.0 52.8 85.0 35.5 85.9 35.0 22.9  3.1 14.8 64.2 98.8 17.7 90.6 56.8 95.4 50.8 36.9 69.8 30.3 98.7 47.0 10.7 21.1 46.9 72.6  0.3 44.0 27.1  6.4 28.8 52.6 18.6 81.6 37.6 54.1  2.7  7.8 12.2  5.9 22.6 76.5 39.9 40.4  2.3 96.7 35.8 53.2 68.8 40.8 18.7 67.6 23.0 29.4 23.9  5.1 37.2 24.2 49.2 64.4 30.6 78.0 52.2 49.3 94.9 89.8 38.6 32.8 97.6 50.9 38.7 20.2 62.6 13.8 95.8 64.9 45.8 66.8 18.1 14.6 42.8 72.0 17.4 65.8  1.4 41.4  6.2 
73.9 65.6 55.4 73.5 31.5 33.4 25.7 16.0 63.5 50.7 54.6 96.4 48.3  5.5 70.3  3.7  3.3 84.2 34.8 68.3 30.0 36.8 21.6 44.6 14.9 93.7 62.1 15.9 30.3 38.7 22.1  4.2  4.3 77.5 77.7 71.0 46.2 38.6 87.0  9.7 89.3 41.7  6.1 72.8 82.4 11.7 76.6 85.8 95.9 46.6 89.3 25.9 18.6 10.9  5.7 33.5  4.6  3.0 49.5 70.2 41.7 71.6  9.6 81.3 49.2 87.4 52.3 30.6 26.0 39.4 40.3 50.6 16.3 81.7 23.4 33.9 93.4 35.2 54.9 89.3 81.8 44.2 50.4  0.5 90.4 91.3 69.2 30.2 94.4 18.7  0.4 36.1 25.6 10.1 52.6 74.8 32.7  5.0  5.4 93.9 
79.6 80.9 44.5 31.1 62.6 68.0  0.2 91.2  3.2 55.2 15.7 20.3 34.6 66.1 56.0 25.0 92.7 25.2 55.3 87.1 44.0 55.7 58.4  4.8  1.0 11.1 14.8 33.7 51.3 55.4 27.7 66.1 36.3  7.4 32.4 34.2 75.4 32.6 25.4 13.9 87.8 76.4 34.2 22.5 77.7 90.2 82.7 70.4 15.4 38.0 57.5 94.6 29.0 16.0 99.4 30.0 62.3 14.2 99.0 48.8 69.6 61.9 14.9 41.2 69.3 82.5 75.4 44.8 15.1 36.0 58.7 38.2 12.4 92.9 95.9 90.2 18.3 78.6 60.6 33.7 16.7 53.4 63.6 80.9  4.6 63.0 10.9 66.9 12.5 45.1 15.7 17.3  7.0 65.8 58.5 76.4 48.3 33.9 56.4 98.6 
 5.2 50.3 36.8 17.6 43.2 32.7 43.0 96.7 46.6  3.7 30.4 63.3 57.1 29.2 79.4 61.7 27.5 25.5 63.8 40.0 70.7 14.7 57.3 77.7 15.7 15.9 89.3 99.2 85.0 45.7 97.8 90.2 96.0 34.7 43.1 74.4  2.6 86.1 71.1 49.2 89.8 36.8 47.7 82.1 66.0 27.1 79.0 28.7 87.9 78.0 68.7 58.6 27.9 61.3 36.3 43.6 12.4 60.9 42.8 97.4  6.6 75.9 22.9  2.7 45.8 66.0 77.1 48.4 87.3 83.5 32.9 12.4 20.3 15.8 94.5 21.5 78.2  8.8 50.3 66.1 86.8 54.2 24.7 50.0 15.5 96.2 93.6 63.1 57.1 71.7 95.8 63.8 47.6 18.7  1.7 93.4 19.9 14.0 77.0  7.2 
32.7 45.1 19.6 88.2 61.0 49.4  9.8 39.2 58.2 95.3  5.3 80.2 84.7 65.2 65.4 35.5 61.4 59.1 98.6 53.8 66.0 94.4 52.8 48.8 48.3 54.5 42.2  3.4  3.7 54.4 10.7 36.5 99.6 65.5 24.7 60.6 14.9 69.7 35.0  8.3  0.2 40.3 23.8 85.0  5.5 89.2 20.5  2.1 83.5 19.1 91.1 49.5 48.8 43.9 98.3 32.3 33.6 75.7 35.8 72.6 30.2 46.5  9.1 65.0 12.0 69.0 60.8 62.2 38.8 95.8  5.7 39.0 36.1 29.5 24.0 76.8 54.0 79.7 14.1 37.5 34.1  5.3 22.3 82.9 84.4 55.8 15.2 53.3 31.6 51.0 25.9 97.0 32.7 35.0 97.2 80.0  4.0 58.0 77.4 78.0 
53.8 83.1 17.1 89.9 47.9 76.3  1.9  1.9 56.1 51.2 74.6 25.4 91.7 96.9  8.3 76.2 52.8 58.7 29.5 19.6 45.0 55.4 16.6 12.9 25.6 13.8 92.9 29.6 71.8  5.5 42.9 60.8 88.7 60.0 50.7 71.8 71.5 87.8 73.7 62.8 39.0 83.5 88.2 30.8 80.5 31.7 42.2 68.5 25.7  6.9 88.1 70.7 62.3 39.9 83.6 87.9 88.9 11.8 52.7 60.7 17.3 95.6 21.5 41.2 90.8  7.4 13.0 97.6 30.4 21.9 95.6  4.6  5.5 83.9 70.6 21.2 50.8 12.8 89.7 76.5 19.7 13.0 47.2 17.2 52.9 66.1 40.3 41.8 13.1 28.3 37.7 65.6 59.1 94.4  6.9 85.2 37.0 55.1 82.8  2.6 
12.3 78.4  7.2 53.0 97.5 77.9  9.4 48.4 25.9 99.1 24.9 80.9 47.3  7.4 98.1  0.2 73.5 73.7 77.2 86.6  2.0 50.1 87.4 61.1 44.5 94.3 81.5 16.7 84.7 64.3 19.3 32.2 78.0 61.7 20.4 10.7 39.6 29.8 59.1  0.8 28.9 19.3 81.7 76.2 26.7 15.0 11.6 35.4 88.7 24.0 57.2 25.9 74.1 44.6 22.3 53.8 74.2  3.8 70.5 58.9 68.2 25.0 26.3 81.4 86.7 46.7 92.1 61.6 76.5 86.5 62.4 40.6  5.8 44.1 52.0 32.5 59.1 98.8 67.9 83.1 22.8 25.1  9.0 96.9 69.7 31.3 85.9 79.1 35.2 91.6 73.2 38.6 16.6 99.5 20.0 38.5 81.4 47.3  0.1 57.9 
33.8 97.7 33.7 39.6 41.8 85.7  7.3 36.2 84.5 10.4 19.3 42.5 70.7 63.5 74.6 40.5 94.9 60.5 54.8 65.3 87.3 28.1  3.9  3.9 27.6 59.1 77.7  9.1  6.4 13.0  2.2 75.5 10.8 36.0 15.1 52.6 56.9 57.7 24.0 41.5 68.1 43.3 19.2 38.9  6.9 93.9 14.6 37.0 89.6 69.4  2.3 77.0 97.5 41.4 16.1 60.4  0.5 93.8 69.5 42.1  6.9  6.9 17.6 17.7 42.9 68.0  5.5 99.9 25.7 29.6 76.6 93.8  8.1 95.8 67.9 50.2 24.9 82.5 22.4 14.6 87.2 24.7 91.6 84.7 66.1  7.7 45.1  1.8  1.6 49.8 44.0 43.7 56.8 61.6 96.6 34.9 29.6  2.1 34.8 90.5 
66.9 46.6 19.6 75.1 77.7 87.5 60.5  2.6  5.3 83.0 17.2 92.5 42.9  8.8 77.2 44.3 51.8 57.6 46.1 88.6 42.6 90.1 32.3 99.4 87.0 28.9 69.6 51.8 66.2 39.6 42.4 33.2 86.3 62.0 43.5 64.0 84.7 39.2  1.8 90.0 22.2 54.3 82.5  0.4 98.3 95.0 44.7 50.1 87.8 90.8 38.7 30.4 16.2  6.2 65.1  3.2 35.1 34.7 90.2 36.6 74.3 32.6  5.0 95.8 29.8 83.7 95.0 49.8 22.9 96.9 39.8 80.4 51.2 57.6 80.8 84.7 87.8 25.5 34.9 10.8 16.3 73.6 76.4 67.7 15.1 41.5 70.9 85.4 11.4 61.2 22.0 21.0 29.0 27.0 16.8 94.1 10.7 47.1 43.9 68.9 
44.0 18.9 49.3 30.4 11.7 65.3 15.1 34.7 90.8 85.2 45.5 42.3 94.1 57.2 10.1  9.2 33.9 16.2 94.6 45.4 12.6 51.9  1.6 76.9 78.9 18.4 71.0 24.9 65.5 50.1 29.0 44.7  4.2 78.3 10.3 51.2 78.8 60.7 21.1 69.6 81.1  1.9 47.1 75.2 59.1 92.4 19.6 93.0  8.7 14.3 73.6 56.5 66.2 75.2 33.4 80.3 28.9 39.6 40.4 29.6 89.7 69.4  9.6 29.2 82.9 19.9 15.6 61.7 15.8 36.7 66.5 32.2 38.6 13.7  7.4 97.7  6.1 27.1 90.8 50.0 76.6 99.6  6.6 78.0 74.9 40.0 93.5  3.8 79.7 34.0 33.4  4.6 38.6 43.0 69.0 21.6 98.2 84.6 18.5 49.2 
21.4 85.1 81.4 95.2 34.0 24.1 93.0 75.3 86.4 19.0 25.4 63.0 18.6 67.2 76.2 28.7  7.2 69.7 32.5 22.1 38.9 66.0 62.0 77.6 44.2 31.0 99.2 42.4 50.9 52.9 26.9  7.5 38.0  8.3  2.7 72.0 32.4 30.9 47.4 18.8 49.9  8.0 17.0  3.8 75.2 93.2 32.5 17.6 98.2 65.1 39.8 37.1 66.3 37.0 14.7 45.7  3.2 49.1 23.4 54.1  2.1 50.3 61.6 75.3 93.8 99.6 82.6 26.3 30.5 65.2 80.3 15.7 73.2 32.6 19.5 83.6 25.8 52.0  1.2 59.2 52.3 76.2 96.4 53.8 13.2 46.3 34.8 16.5 30.7 58.2  5.8 32.8 43.7  2.7 43.3 37.5  2.3 25.9 99.0 32.8 
91.1 14.6 48.5 99.5 47.2  3.2 83.1  8.2 90.5 19.6 67.5 42.8 95.8 63.9 31.9 44.3 45.4 66.7 96.0 76.1 60.1 37.0 44.1  3.8 39.7 87.5 41.3 42.0 48.6 75.6 10.1 39.8 90.2 93.8 74.5 37.4 32.3 92.9 45.6 22.8 12.5 13.1  0.8 43.5 12.2 67.9 23.0 57.7 34.6 19.0 69.0 94.7 91.3 13.2 33.7 31.0  0.7 75.1  8.3 49.3 50.7 53.6 24.3 40.9 82.6 98.9 13.5 14.9 91.8 59.1 37.7 39.5 72.3 73.8 83.0 19.7 41.7 41.3 77.4 11.6 95.5 46.5 41.5 86.8 94.9 75.3 17.9 95.6 85.6 61.4 80.1 71.5 15.0 39.7 47.6 97.6 73.8 61.1 12.6  0.8 
20.2 85.5 40.3 27.7 59.3 58.5 47.5  1.1 99.8 60.1 12.7 30.6 41.8 54.2 17.4 36.7 64.7 35.3 32.3 50.3 96.7 47.7 21.8 46.9 22.6 69.4 44.6 96.4 30.5 92.4 97.2 86.0 77.9 72.7 13.7 72.5 66.4 96.4 73.6  1.5 56.6 21.5 32.1 98.4 10.9 49.5 35.2 75.7 20.1  2.7 26.0 52.0 85.6 83.1 99.0  8.2 52.5 78.8  4.6 18.3 71.2 37.0  4.3 49.1 44.9 53.2 21.6 46.6 49.7 30.4 48.1  6.3 87.1 15.4 39.9 98.1  0.1 75.1  9.0 20.2 13.1 70.2  7.5 98.7 53.3  6.5  7.0 41.1 20.5 46.8 94.6 91.7 19.1 98.9 76.0 99.2 87.3 32.9 45.8 37.0 
63.3 29.1 78.5 85.7 79.7 53.7 19.0 79.9 28.8 28.0 35.3 77.1 33.4 42.8 75.9 22.0 84.5 18.1 98.3  5.0  0.1 92.9 31.9 19.2 27.0  8.0 53.7 14.3 40.9 34.7 86.6 39.4 63.9  0.3 60.3 78.8 54.0 79.3 58.7 18.1 42.5 94.1 95.2 11.2 72.1  6.3 33.2 56.7 24.4 31.5 96.9 24.6 24.4 28.9 79.0 51.4 72.1 32.7  0.9 13.0 67.5 87.5 87.6 66.6 23.1 48.0 45.4 77.1 62.5  4.2 30.4 40.3 33.5 25.7 51.5  5.6 67.2 84.7 97.5 91.7 51.4 94.5 16.3 75.8 58.6 95.3 62.4 30.7 28.1 63.3 78.9 30.8 86.1  1.7 97.4  9.2 84.9 42.8 21.5 47.5 
82.2 87.2 23.0 15.7 48.1 74.5 56.6 15.3 59.2 54.1  7.0 45.8 83.8 58.5 21.6 42.4 53.9 19.2  8.3 17.2 17.7 87.2 83.2  3.8 24.2 80.6 48.2  9.1 58.6  5.0 91.8 40.9 92.2 14.8 91.8 75.5 24.5 48.4 90.8 18.9 37.8 97.9 64.7 21.6 56.4 21.5 99.3 45.5 40.7  7.6 97.9 58.5 30.1 81.1 97.5 89.5 96.9 81.0 98.6 55.6 21.2 25.7 31.7 48.6 75.7 23.5 24.1  0.3  7.2 14.9 19.2 45.0 48.0 84.0  1.8 39.7  5.5  1.1 20.4 81.5 44.0 18.4 40.0  9.3 34.7 72.7 98.8 31.7 53.7 97.4 87.3 10.1 58.3 19.0 58.7 34.1 77.7 82.8 69.6 20.1 
33.0 88.8  0.3 81.0  8.0  2.2 55.9 13.6 38.5 76.4 30.3 17.7 30.0  5.5 27.0 64.7 78.2 25.8 96.4 67.2 58.5 83.7 77.3 16.8 37.9 36.1 86.1 50.9 18.9 55.7 71.0 51.9 44.6  6.6 68.2 87.8  8.8 24.1 36.6 82.5 35.7 66.9  0.3 65.7 72.4 62.5 30.5 50.7 88.4 26.9 53.1 46.9 45.9 30.4 98.9 19.0 66.5 85.1  5.1 20.7 40.8 76.2  7.8 20.6 82.8 76.0  8.5 26.8 35.4 45.1 44.5 71.1 12.1 80.0 36.9 84.5 42.6  2.6 70.4 66.2 29.5 23.5 13.1 10.6 54.0 12.0 64.9 55.7 32.3 70.0 11.6 73.2 81.4 19.5 29.0 64.2 30.7 37.5 26.2  1.3 
17.9  6.0  7.7 30.0 86.0 44.6 49.7 63.8 82.4 55.4 30.0 47.1 78.9 43.1 57.8 68.1 90.4 57.9 59.1 22.7 27.9 70.7 31.1  9.4 25.4 60.2  8.8 91.4 32.9 70.3 27.9 50.8 76.3 35.6 16.0 97.5 15.4  1.0 61.4 97.8 56.4 91.4 45.0 35.3 69.8 38.0 38.7 95.4 95.9 97.8 53.3 23.8  3.7 84.5 68.4 64.4 79.9 77.3 55.8 12.8 82.8 83.7 98.9 59.1 54.6 14.9 91.8 70.0 15.9 53.2 67.9 72.3 79.9 12.9 42.9 49.7 50.9 81.6 80.3 82.0 14.6 33.6  5.8 18.3 53.3  9.5 82.7 33.2 22.0 73.7 81.3  4.8 92.7 80.2 99.1 47.3 30.3 90.9 52.5 46.3 
44.2 20.4 53.8 59.3 68.5 31.9 44.2 54.6 48.7 24.5 36.6 63.3 58.1 77.7 16.9 11.5 87.2 34.8 79.9  9.2 43.8 61.2 14.0 36.5 41.4 13.1 19.0  7.0 39.2 71.5 53.3 18.6 27.2 42.3 77.9 95.7  9.5 22.1 50.4 58.2 81.8 22.2 56.8 75.2 99.9  8.9 21.9 87.1 78.9  1.8 31.5 22.7 98.3 45.5 94.4 74.9 93.8 13.4 81.9 68.3 20.2 70.4 86.9 47.4 12.8 64.9 78.3 22.3 22.2 63.9 15.7 39.3 86.2 72.5 14.5 21.3 16.6 36.4 43.7 95.6 73.4 75.2 18.3 71.7 56.0 48.0 46.7 85.0 96.6 28.6 53.3 16.8 99.1 40.3 99.4 47.1 40.4 77.8  4.6 97.8 
41.7 55.5 37.1 27.9 63.3 86.8 49.3 79.9 58.4 28.2 75.5 31.9  3.4 29.1 38.8 59.4 77.1 20.7 79.7  8.9 49.4 33.0 25.8 83.7  8.5 60.4 66.0 48.9 38.2  5.8 82.0 80.0 61.3 19.1 43.1 24.6 41.2 27.6  4.6 99.6 55.8 15.3 66.7 94.5 44.4  5.6 89.1 56.7 26.3 68.8  0.9 10.9  1.9 61.9 29.8 45.6 22.3 95.8 29.8 60.6  1.6 11.8 75.8 98.2 66.1 54.1 22.8  7.3 81.8 62.6  7.0 72.8 78.0 73.7 67.3 57.6 14.5 56.5 49.6 40.9 25.3 50.5 87.0 62.4 12.4 16.9 43.3 34.7 12.7 73.1 30.5 49.6 84.9  6.3 47.8 51.0 95.7  5.8 93.6 77.5 
68.5 35.8 50.3 46.5 44.7 52.9  4.1 59.3  9.4 53.7 35.4 69.9 39.4 22.4 67.6 51.8 74.5 10.9 21.8 22.5 19.2 52.3 72.1  4.1 93.9 55.1 90.3 89.6 60.9 19.1  2.3 29.4 54.9 87.8 11.1 99.7 75.9 15.3 59.0 85.3  4.2 29.6 90.5 78.9 87.2 93.3 30.7 61.8 39.4 87.7 84.3 58.6 75.3 91.6 97.9 69.2 46.7 88.2 94.0 42.8  7.4 31.5 72.3 97.5 54.5 83.4 97.2 30.5 33.9 91.4 51.0 73.4 21.0 41.5 52.3 43.5 70.0 18.2  5.3  9.4  6.0 89.6  3.2 81.3 81.2  1.1 85.7 63.1 89.4 14.9  5.9 32.0 81.6 13.4 29.5 36.1 32.1 62.0 66.6  1.2 
88.6 17.7 74.6 44.9 94.4 62.1 88.4 64.5 15.6 93.7  9.1 21.6 18.5 12.4 38.1 34.9 48.7 59.0 98.0 38.1  9.1 39.1  5.3 90.7 52.6 70.1 26.8 84.7 67.3 28.7 21.1 55.9 46.4 31.0  0.8 76.0 93.1 24.4 75.7  8.7 53.3 84.9 65.5 71.8 32.5 38.8  6.7 81.2 97.8 39.9 54.6  6.9 79.1 95.1 32.8 66.9  0.4 59.7 86.8 67.7 88.4  7.9 58.9 70.0 38.9 94.9 46.0 67.3 19.4 21.8 11.2 72.7 41.9 12.0 44.6  9.6 50.8 86.5 26.0 83.9 61.7 80.6 26.0 40.8 11.0 58.9 42.9 11.4 53.8 29.7 79.2 77.4 72.8 38.1 47.4 11.8 33.0 28.6 14.3 87.6 
85.6 25.5 60.4 62.7 72.7 40.2  7.5 23.6 61.9 33.6 42.7 23.6 49.4 68.7 64.4 60.4 27.6  7.3 71.9 16.6 72.2 86.3 94.0 45.1 59.6 76.6 92.1 27.8 40.5  6.4 15.5 26.1 67.1 11.1 24.1 39.9 51.3 31.6 98.7 13.2  0.4 41.4 72.1 49.9 10.1 36.5 45.5 73.0 79.1 52.6 89.6 86.5 38.9 83.7 31.6 33.7 60.3 58.9 61.6  0.8  0.5 12.3 62.2 67.7 58.6 21.5 42.8 45.1 88.3 41.5 58.3 88.8 82.9 65.6 73.9 28.2  2.2 19.4  1.2 16.5 72.1 90.9 38.2 46.2 74.6  5.1 80.0 70.1 64.0 76.8  6.2 64.6 24.3  3.6 67.5 82.9 60.3 10.3 28.0 48.6 
51.8 21.5 72.6 69.9 87.2 46.5 98.1 24.6 66.0 99.4 76.3 38.1 25.5 14.5 84.3 35.3 19.6 99.5  5.4 18.9 76.3 46.8 83.5 35.8 85.6 51.0 18.7 45.9 96.5 46.7 94.6 48.3 68.3 67.2 53.4 90.7 13.8 51.5 15.3 15.0 50.9 91.6 88.3 76.4  6.1  7.8 46.9 61.0  7.4 52.4 79.9 18.9 34.4 63.4 54.8 20.1 49.6 73.5 66.0 46.1 55.5 95.8 29.6 59.0 63.1 83.0 49.7 12.1 69.7 65.0 62.3 55.9 91.8 50.6 67.5 33.1 58.4 14.5 94.1  1.0 66.9 74.0 20.0 36.5 72.6 10.0 56.6 57.4 83.5 22.7 38.7 74.2 53.7 68.3 33.2 16.8 86.5 82.9 64.1 56.3 
83.1 26.4 12.2 74.9 77.0 14.9  8.1 70.7 29.4  2.2 71.7 31.5 11.5 91.7 68.1 19.3  1.7 24.7 76.8 20.5 82.6 15.5 94.7 36.4 19.1 63.2 88.4  5.6 46.1 87.8 97.1 64.5 14.2 44.5 39.4 26.5 59.5 82.7 97.2 88.9 20.2 68.9 20.5 31.7 95.9 88.6 51.0 32.8 48.5 63.0 88.5 66.4 78.6 18.5 38.0 97.7 81.7 26.4 38.5 63.0 14.2 70.9 27.5 63.7 15.4  2.2 90.2 10.1 84.9 22.6 99.1  5.1 26.7 54.8 72.0 22.6 78.6 58.3 90.7 27.1 21.3 79.2 28.7 35.1 32.9 66.7 68.0 14.6 93.2  6.6 77.7 42.6 12.7 40.4  6.3 28.1 42.6 31.7 73.5 62.8 
54.3  7.8  3.1 81.1 62.6 10.4 38.9 41.2 68.7 29.6  3.5 25.2 44.1 67.5 60.4 77.0 34.2 28.4 91.7 27.4 70.2  4.6  5.3 82.9 45.0 11.6 46.3 22.9 78.6 19.8 85.7 32.9 27.6 88.8 14.0 25.4 99.2 53.0  1.8  3.1 17.8 40.5 28.4 61.9  8.0 24.0 74.2 42.3 87.6 65.9  4.9 93.1  5.7 10.2 76.0 85.9 57.1 57.5  8.8 35.7 77.3 94.5  3.8 40.1 18.6 53.1 65.5 53.0 41.3 67.3 56.2 59.1  7.9 19.8 56.3 15.9 79.0 30.5 58.2 66.6 31.6 98.4 59.7 37.3  8.6 71.0 58.4  0.9 28.5 67.3 71.8 41.1 97.0 75.7 81.2 50.8 28.8 46.8  3.9 70.1 
49.3 95.3 64.4 92.4 15.1 55.9  8.4 29.3 86.4  1.8 95.9 53.2  0.2 90.9 25.7 44.1 61.9 84.2 80.2 25.6 51.5 52.1 66.7 83.7 63.0 83.2 34.6 91.8 65.2 38.5 97.1 14.5 69.0 96.7  7.0 84.1 52.7 50.6 48.6 74.3 87.6 44.5 27.6 87.9 70.6 88.5 67.2 67.7 72.7 47.4 28.6 59.4 34.7 95.3 43.2 97.7 13.7 13.0 24.7 78.9 51.5 57.0 28.7 20.5 53.8 70.9 39.8 41.7 21.5 88.4 51.2  9.1 68.1 14.0 32.2 74.0  2.6 34.6 41.7 10.5 82.1  5.5 70.0 16.8  0.9 48.4 49.8 49.8 61.4 74.5 28.8 48.1 31.6 92.7  3.8 20.6 63.6 78.8 97.5 20.3 
 2.4 48.7 64.6  5.7 62.8 96.9 79.7 65.4 66.7 56.7 11.1 48.8 62.2 81.1  0.9 98.3 64.7 50.7 48.2 61.3 60.4 12.2  9.4 92.0 40.1 48.4 47.8  3.7 27.2 45.3 59.2 29.6 94.1 23.8 35.4 92.1 55.9 15.1 92.7 22.7  7.0  3.8  6.7 69.3 20.2 42.8  2.8 84.9 93.5 51.0 81.5 89.2 98.4 90.9 16.4 38.5 74.6 64.3 77.4  1.8 44.8 36.6 31.5 74.1 95.7  2.1 66.2 86.8 52.4 94.1  9.5 59.5 98.0 51.5 64.0 18.2 94.3 66.8 38.3 23.1 53.1 19.8 12.3 86.7 46.0 63.9 25.3 20.6 28.2  2.7 22.4 73.1 74.6 89.1 82.4 70.3 26.4 48.7 92.3 78.9 
42.8 37.1 73.6 76.0 88.6 37.6 94.2 18.1 39.6 67.8 76.4 27.9 87.6 23.9 14.7 33.6 87.9 75.2 89.4 16.1 13.1 11.9 24.4 87.7 36.2  6.9 93.2 62.7 90.8 85.6 76.8 68.8 22.7 50.4 44.9 46.5 23.2 74.3 64.6 98.0 77.3 41.1 26.0 65.0 65.0 75.9 33.8 52.9 51.1 23.3  4.3 99.4 70.4 63.9 22.4 41.8  6.0 15.6 39.7 96.8 36.4 16.5  0.9 94.3 66.9 45.8 76.0 90.1 55.3 75.9 23.4 32.7 52.2 84.6 32.9 52.4 60.5  1.9  5.4 46.8 60.4 44.9 46.2 66.0 44.0 68.6  7.9 50.1 19.5 47.6 46.9 91.1 64.2 83.0 20.7 66.3 64.0 96.7 91.7 19.4 
 7.8 15.1 87.3 60.0 99.7 20.2 12.5 60.2 57.3 53.1 42.2 17.8 98.0 23.6 83.8 42.0 92.3 91.7 92.1 47.0 74.6 74.3 73.3 74.0 92.5 94.0 40.3 56.6 26.0 32.0 11.2 33.8 82.3 98.5 93.9 82.0 53.9 41.6 77.4 11.2 94.7 19.6 29.0 92.7 78.5 48.1 69.9  6.0 75.0 97.3 53.0 49.6  6.8 61.5 23.6 99.3 55.6 99.2 91.1 16.8 66.4  2.3 85.8 48.8  0.8 14.9 30.8 89.9 56.5 43.5 36.4 51.2 98.3 65.4 79.1 76.8 48.7 84.3 82.8 23.8 81.6 71.0 73.4 23.6 32.6 32.3 58.1 23.4 31.5 49.3 40.2 97.9 51.6 26.0 46.7 87.7 76.2 12.8 77.6 32.7 
56.3 14.0 84.0 89.8 14.7 63.1 66.7 63.4 47.4 49.5 22.4 64.2 55.8 95.9 23.0 88.4 63.4 81.2 11.8 94.9 65.7 87.2 28.0 17.3 48.4 10.0 40.2 24.6 58.0 53.1 57.4 49.5  2.3 76.6 39.3 52.2 39.7  6.0 15.7 22.4 90.8 38.1 21.8 46.6 69.2 44.9 70.2 32.6 61.3 17.2 62.7 27.0  4.4 26.0 79.5 52.8 36.0 55.0 12.7 94.0  8.1  5.3 78.7 10.4 81.9 18.0 62.7 56.8 59.3 13.6 14.4 85.3 86.9 36.3 67.1 91.4 16.4 37.3 59.2 12.9 54.5 22.0 75.1 94.1 48.0 89.8 82.1 19.2 44.8 94.8 48.4 52.9  0.1 27.1 98.6 17.2 80.3 96.5 74.1 39.6 
45.3 88.5 24.9 67.4 60.0 27.2 58.8 76.4 64.5 18.1 89.3 54.2 75.3 99.6 48.3 58.5 89.5 65.7 77.7 34.3 60.5 26.1 22.5 95.9 88.4 56.3 13.1 68.7 52.8 22.4 43.6 33.3 11.0  3.7  0.7 71.0 31.0 59.6 82.7 30.7 12.9  7.2 20.2 23.4  6.9  3.7 81.9 96.4 69.4 94.8 30.7 65.2 56.1 53.2 61.1 44.5  9.5  9.4 48.4 97.5 31.9 92.0 30.8 42.9 95.8 66.8 49.1 62.0 26.4 31.8 92.7 74.5 39.1 12.9 97.9 81.2 16.7 15.0 77.6 86.1  9.8  8.3 86.5 65.9 96.8 47.6 10.4 41.5 92.3 94.0 74.3 24.2 86.1 40.3  2.3 81.9  7.1 86.6 43.9 68.7 
18.5 71.8 43.2 92.8 84.8 76.3 74.0 36.7 91.3 86.8 58.0 36.3 30.3 44.6  2.2 27.1 27.4 47.8  3.9 19.7 41.9 78.2 43.9 63.2 53.7 81.4 45.1 60.9 68.1 24.2 29.6 21.8 31.2  8.1 49.8 51.2 84.4 59.0 87.9 11.0 45.8 81.2 82.5 11.3 61.0 84.8 38.5 88.4 67.8 77.6  8.2 44.9 91.0 87.3  8.1 44.7  4.0 88.4  5.6  7.3 47.8 35.3 29.1 79.1 78.6 14.1 30.3 98.2 73.1 53.5 44.4 54.1 34.7 27.0 65.4 95.7 47.0 39.1 19.3 14.8 51.9 27.5 59.8 42.9 50.1 67.9 87.7 89.3 91.6 28.5 96.6 39.4 99.0 25.7 18.5 77.6 75.0 48.9 75.9 83.3 
37.6 20.3 72.6 72.3 47.3 73.2  3.2 94.3 12.4 22.5 44.4 64.3 85.3 39.4 42.5 70.6 42.5 65.4 59.9 34.1 93.9 56.5 73.6 93.0 17.4 92.1  5.8 92.4 76.2 16.9 10.9 13.8 37.3 83.5 21.3 19.8 56.7 24.5 49.4  4.3 82.3 29.0 68.7  2.8 68.4 46.4 73.4 10.9 11.8 68.5 45.1  5.7 60.2 18.7 33.9 77.6 46.0 39.8  5.2 22.3 91.9 16.1 36.1 29.2 34.8 57.5 84.3 91.5 17.2 68.9 95.9 34.7 97.9 99.8 37.5  1.5 46.2 46.1 12.4 93.2 14.6 92.7 98.9 74.8 46.6 68.1 87.6 92.7 43.1 28.0 15.0 35.0 79.3 86.3 99.5 14.1 79.0 19.0 40.9 31.5 
87.9 36.8 66.2 21.0 71.8 39.0 22.5 18.0 85.1 70.1 11.2 99.8 98.1 45.3  9.8 44.7 48.6 32.7 37.4 91.7 60.7 87.6 62.0 40.1  9.2 61.5 89.4 88.2 80.5 30.3 54.9  3.6  2.3 21.2 59.8 74.1 60.2 17.5 27.3 80.5 22.8 73.7 80.3 20.9 19.1 25.4 65.7 67.7 58.1 38.3 94.7 54.0 26.0 56.7 29.3 35.2 53.4 54.0 58.6 69.1 84.3 13.6 72.7 86.7 70.0 32.5 96.0 65.4 85.2 23.4 45.9  8.0 97.1 61.5 29.0 51.4 22.1 29.9 54.4 15.4 68.2 49.1 69.4 94.2 41.0 34.0 64.6 94.4 88.0 58.5 63.5  7.5  7.3 71.4 94.2 77.3 39.1 25.5 42.7 24.3 
48.9 23.8 32.3 46.0 85.3 96.5 32.7 42.6 26.4 87.1 58.0 94.7 36.2 27.5 24.1 77.2 96.7 24.0  6.8 84.7 82.5 70.3 92.2 89.8 76.9 21.7  2.3 16.0 47.2 80.2 75.5 31.3  4.0  7.8 12.5 24.6 39.6 45.2 67.2 66.0 32.3 25.3 60.7  3.7 88.0 20.1 16.1 84.7 44.1 22.9  4.6 26.6 28.4 32.0 51.6  5.3 88.9 53.9 56.5 71.3 34.1 32.0  2.6 38.1 75.1 50.4 97.9 14.7 95.6 65.2 80.7 63.2 25.7 76.7 66.9 48.9 96.8 83.1 33.6 40.9  6.0 73.4  2.7 69.7  5.4 54.3 75.0 94.4  8.2 66.8 65.7 42.3 98.8  3.6 15.6  9.1 54.0 13.6 23.8 49.6 
14.0 39.8 12.8 39.7 16.5 15.0 23.8 13.3 98.1 92.6 89.4 39.3 66.0 92.1  9.0  6.6 46.4 19.3  1.0 89.8 86.1  2.0 32.1 20.1 40.8 82.9 29.3 94.8 96.5 53.1 79.6 45.7 92.9 27.7 20.6 44.6 42.7 44.4 93.1 76.0 37.0 82.5 15.3  3.0  9.8 24.4 44.9 91.4 78.9 81.1 81.2 65.0 83.1 48.5 20.3 23.9 31.5 49.6 53.9 63.2 38.0 33.6 44.2 66.1 61.3 64.8 10.8 39.2  9.3 39.1 15.2 81.5 21.7 30.5 19.8 66.7 90.1 64.7 93.4 69.0 45.8 74.6 69.2 64.2 58.4 89.6 23.3 25.1 74.4 77.3 23.5 12.4 10.9 67.7 78.6  7.4 32.6 24.6 46.6 77.1 
98.9 61.8 58.6 55.8 92.3 13.6 22.6 17.7 78.3 16.0 86.7 59.4 25.8 91.2 23.6 84.2 80.8 46.9 44.5 55.2 24.2 68.1  2.9 70.3 35.8 16.7 77.7  3.6 76.5 59.5 80.7 75.4 21.3 74.6 31.3 48.9 88.2 53.9 66.6  1.8  5.1 88.5 61.2 30.9 14.9 20.0 50.4 95.7 66.9 94.9 86.2 26.4 63.0 89.1 31.9 34.1 41.0 44.9 37.7 17.5  4.4 53.7 92.9 61.0 63.5 24.2  9.9 86.9 13.3 11.7 88.7 18.4 35.4 85.1 84.6 50.4  5.1 35.0 81.3  7.3 65.1 67.5 33.7 63.4 91.8 65.6 97.5 32.8 10.5 70.4 50.3 50.2 24.1 78.5 11.2 87.6  2.7 21.1  9.8 51.3 
68.0 98.5 69.7 38.6 18.9 89.5 89.0 24.0 24.5  5.6 31.3 89.7  8.3  0.2 53.1  0.2 65.9 85.8 68.2 11.6 56.2 53.8 61.8 80.4 32.3 73.0  3.2 70.2 29.3 48.2 21.5 32.5 46.8 26.5  6.4 65.7 16.0 30.6 24.9 40.6 36.2 91.5 65.5 44.6 91.7 53.8 80.0 57.6 39.6 48.2  4.5 31.0  2.0  1.5 46.6 34.3  9.8 85.1  4.6 74.3 33.3 26.1 42.1 80.1 87.8 48.5 81.0  3.9 79.1 41.2 79.7 15.4 32.7 45.2 60.0 24.4 34.2 40.0 17.3  9.0 23.4 57.0 40.0 25.5 58.5 86.7 95.0 68.3 71.8 99.6 77.9  5.1 61.0 20.0 20.5 48.8 68.5 36.7 87.9 47.6 
77.9 67.6 98.2 45.8 12.8 93.4 70.3 82.2 68.6 22.8 91.2 92.1 79.8 31.3 17.6 73.5 18.0 47.8 77.1 89.8 47.5 55.0 30.1 43.7 75.0 50.6 27.7 78.7 22.6 15.7 61.5  0.5 83.3 59.8 81.6 31.4 53.2 51.9 13.6 21.9  9.9  4.9 49.2 24.9 36.2  2.0 98.4 89.4 49.8 75.5 14.4 32.5 65.7 44.5 76.2 40.7 30.4 39.2 54.6 53.0 54.9 16.2 88.7 73.4 76.0 70.3  4.8 64.4 57.4 53.7 21.5 67.3 93.8 70.7 92.2 65.2 72.7 25.9 54.6 22.6  1.4  4.2 55.1  2.4 48.7 66.6 78.3 14.3  5.8 33.0 67.3 95.9 49.2 91.3 69.3 60.4 61.6  9.4 24.8 19.1 
63.1 81.6 21.6 56.9 52.3 49.1 57.3 60.3 75.0 11.9 18.1 11.6 51.3  8.4 14.0  0.0 75.0 92.4 49.6 16.0 25.4 52.1 11.9  9.8 43.4 16.5 70.2  5.1 25.9 30.2 59.4 24.2 11.8 81.0 16.3 99.4 65.3 73.6 59.7 40.3 20.7 77.8 52.0 72.0 86.2  1.2  7.2 96.5 93.6 56.8 12.5 54.2 44.2 59.7 64.0 87.6 76.2 69.4 27.9 37.3 99.7 22.5 96.7 46.7 38.8 13.0 46.1  4.1 21.8 41.0 44.5 42.5 54.0 31.7 49.7 40.3 32.9 56.9 72.0 26.6 49.0 19.7 80.8 93.2 14.6 80.1 16.0 26.0 49.5 44.0 63.3 84.4  1.7 60.0 31.2 40.5  8.2 12.5 44.7 30.0 
53.6 24.4  7.7  7.6 56.1 57.4 83.1 89.0 14.4 90.3 50.8 98.6 10.1 66.9 91.8 59.9 47.0  7.8 86.0 96.5 87.0 84.5 81.0 88.8 44.6 12.2 64.5 88.0 59.9  9.2 18.1 48.7 68.8 61.0 91.6 24.9 18.5 74.7 49.2 68.1  0.3 35.2 66.7 45.6  2.1 93.7  5.5 49.1  1.5 91.5 45.7 23.8 76.1 26.7 47.8 55.9 74.1 12.3 43.9 69.2 56.8 97.2 18.0 25.6 93.5  9.6 85.8 12.0 19.5 70.2 80.1 19.8  5.4 82.0 65.4  7.6 75.7  6.2 56.7 77.2 97.7 37.6 36.2  9.0 99.5 84.0  0.1  8.8 31.6 79.3 78.1 88.4 76.5 96.1 49.2 70.0  5.7 70.2 17.2 60.4 
40.4 32.5 80.3 45.9 14.5 80.9 88.7 90.2 87.1 45.4  2.7 20.1 18.3 74.1 64.3 17.8 58.2 64.5 26.7 25.0 43.8  4.8 13.4 55.5 36.1 97.8 60.8 77.0 68.1 78.0 37.4 43.7 10.6 52.9 89.6 60.3 33.9 13.5 85.8 56.2 59.0 88.5 11.5 12.5 62.6 75.9 30.3 56.0 40.4 92.2 81.0 84.2 97.0 29.6 39.7 68.3 62.7  0.5 45.3 30.8 13.8 82.8 74.5 59.6 70.9 99.4 19.9  4.8 12.9  5.7 96.3  7.1 29.4  7.8 19.6 27.3 18.9 85.2 83.3 59.3 77.4 99.6 78.7  9.7 64.4 53.7 78.0 27.1 89.4 23.4 57.9  3.2 41.4 67.7 62.8 12.3  2.3 18.0 52.4 50.4 
58.9 48.7 57.6 88.4 91.7 12.4 15.7 10.7 97.6 34.2  5.2 10.3 69.0 84.0 20.0 33.5 37.7 98.0 60.6 27.1 56.6 53.8 65.6 98.0 56.7 63.6 45.6 59.0 16.8 98.0  9.4 75.8 81.9  2.2 99.4  8.8 14.7 50.3 19.5 47.5 19.7 60.0 57.8 88.8 79.2 13.0 22.3 16.9 46.3 18.1 79.2  2.9 71.9 80.0  1.0 28.6 78.9 46.6 22.8 95.7 79.8 32.3 71.5 61.7 69.7  6.1 70.5 19.6 56.4 25.3 67.2 76.2 20.5 60.2 65.0 99.7  8.5 22.5 51.8 54.8 40.6 66.2 57.7 47.8 46.3 93.9 11.6 25.2 75.7 34.5 56.1 55.5  2.0 27.7 52.4 71.7 69.0 58.2 91.4 25.5 
18.7 93.8  1.7 39.2 89.2  1.9 74.1 97.7 59.6 25.9 52.5  0.2 27.3 45.5 83.2 73.6 39.4 94.9 34.0 50.4 29.4 90.2  5.9 31.4 53.1 93.6 38.3 22.1 87.0 29.7 82.8  5.7 58.7 19.7 80.1 48.0 56.8 89.4 45.7 16.4 15.3 33.5 51.9 42.6 79.0 35.1 51.5 53.6 65.2 20.7  4.0 94.6 46.1 45.2 61.2 34.4 38.8 99.6 91.8 61.0 64.5 74.6  1.9 23.3 29.6 82.0  6.5 86.4  6.6 52.2  2.9 21.9 20.9 54.8 99.7 35.1 25.1 86.4 88.8 90.4  7.2 92.8 20.2 88.5 73.2 81.5 23.0 47.2 16.3 14.8  8.2 16.0 24.6 10.1 74.5 54.2 27.3 81.0 40.7 33.9 
68.5 43.6 91.0 89.4 33.6 26.0 24.6 93.9 12.4 48.6 84.3 54.8 76.6 39.8 43.4 49.9 21.3  1.6 97.1 72.8 16.4 40.6 88.8 41.0 50.7 63.4 30.5 13.3 44.4 71.2 47.2 48.1 50.0 73.5 37.6 18.8 99.5 97.4 12.7 47.1 46.0 32.3  2.0 22.6  7.3 80.6 72.5 28.6 82.2  4.9 36.6 33.8 45.5 60.6 10.0 31.4 59.2 40.5 44.7 38.9 46.9 27.2 87.0 32.1  0.7 24.6 50.9 35.4 22.0 98.9 82.5  3.2 66.4 19.7 25.9 73.7 35.5 98.4 37.5 52.9  3.3  9.3 86.7 84.0 69.9 32.0 15.5 29.2 72.5 60.2  3.3 54.7 22.6 90.3 86.8 23.3 50.2 73.0 93.9  7.4 
71.9 11.7 10.7 73.5 31.4 36.6 47.2  2.2 70.2 19.9 55.1  8.8 29.2 77.1 92.8 99.1  9.1 43.5 63.5 16.8  3.8 66.8 71.5 26.4 57.2 93.6 85.0 42.6 66.6 14.1 50.0 73.7 25.8 60.7 47.2 92.5 32.5 94.4 94.7  2.8 14.3 85.0 11.6 43.5 62.1 39.6 77.8 71.2 83.2 41.4 88.1 22.2 43.4 94.8 83.8 35.8 88.4  4.0 78.4 90.2 18.2 28.5 63.9 79.2 24.4 11.1 71.7 57.0 40.7  1.6 59.8 90.2 86.7  6.6 68.9 84.0 81.4 46.8 55.3 64.6 23.4 78.6 22.0 66.8  8.6  5.9  2.7 32.3 45.1 16.3 22.5 63.3 44.8 86.5 42.6 69.3 97.6 49.5 26.3 38.4 
86.4 21.3 63.8 73.1 27.9 32.8 57.1 44.5 79.6 47.6 44.4  3.0 61.4 66.4  5.0  5.3  7.5 42.9 37.6 52.7 59.3 95.3 51.2 39.3 81.8 29.0  8.6 14.7 78.6 70.1 88.3 65.0 91.4 52.1 73.3 54.5 84.9 65.6 34.3 64.5 48.5 78.7  2.7 45.1 45.1 43.0 50.4 87.9 21.1 23.2 75.8 80.4 18.6 27.0 55.0  0.4 56.1 63.6 50.3 69.9 69.0 38.6 70.1 95.6 90.8 78.6 85.4 10.9 79.4 19.7 10.7 27.9 98.4 48.6  8.3 78.7 91.6 93.9  1.8 12.8 17.2 77.6 28.4 35.8  4.7 83.4 71.4 96.0 82.3 57.0  1.1 86.5 95.6  6.4 82.1 21.6 20.2  2.7 32.6 99.6 
57.6 78.5 62.8 91.2 27.1 71.1 70.0 54.0  0.2  7.0  2.0 17.4 84.7 30.4 88.4 24.6 49.1 95.1 20.6 66.6 52.1 56.9 53.1 82.9 63.3 70.4  4.6 83.5 73.2 72.4 18.3 30.8 50.9 81.1 22.1 13.2 87.4 27.3 67.2 87.7 34.3 69.2 40.3 54.2 99.7 28.8 78.8 84.0 59.1 99.4 50.6 11.2 91.5 38.9 94.1 54.8  9.3 33.9 73.5 17.7 41.5 91.9 48.6 27.6  8.2  5.9 40.9 95.7 68.4  8.1 18.6  2.7 12.6 58.9 92.2 47.5 87.7 71.0 31.5 46.8  5.7 17.3 93.2 97.2 56.2 22.6 87.3  0.7 91.7 60.8 18.5 33.3 87.9  2.3 96.1 31.4  8.2 37.0 27.1 76.6 
80.4 80.9 14.5 93.0 39.8  6.7 40.5 62.8 77.8  7.2 44.8 18.7 24.5 38.1 15.9 15.9 95.9 38.4 16.6 87.6 34.5 35.1 20.9 22.4 37.4 17.1 53.8 45.6 89.3 16.1 57.4  4.9 97.0  7.2 97.9 72.1 49.1 73.6 34.9 62.1 80.8 79.7 80.8 40.5 53.0 96.8 56.4 48.9 35.2 73.1 36.6 69.7  8.2 92.7 27.4 80.9 45.0 16.4 61.7 69.6 67.8 19.2 74.5  0.0 61.6 72.5 72.1 10.7 81.3 42.2 72.9 97.4 22.0 53.7 37.9 10.2 85.7 29.6 59.2 56.2  2.7 95.8 25.9 46.1 23.7 88.5 27.0 68.8 40.2 24.0 38.4  8.0 43.2 12.9  8.0 40.0 20.6 15.4 50.7 37.2 
57.6 23.6 34.6 14.8 77.4  7.7 25.1 63.1 37.3 19.5 19.3 40.0 50.5 80.5 21.4 74.2  4.2 83.6 78.2 44.4  7.6 51.8 52.4 86.0  0.0 95.7 26.0 20.6 11.1 76.8 93.0  3.9 35.6 27.6 18.8 13.0 35.4 79.1 11.4 72.7 33.8 65.9 48.0 84.3 81.6  4.6 58.5 85.9 88.2 72.0 30.3 31.1 23.8 18.0 17.1 23.8 48.9 78.4 79.7 60.0 90.4 72.7 99.1 26.0  0.4 53.1 39.1 71.0 67.4 85.7 78.9  1.2 51.6 26.9 85.5 68.5 31.5 79.3 54.4 55.0 51.3 19.9 86.1 10.3 73.1  3.2 34.2 22.0 16.8 49.1 17.2  7.2 21.8 51.6 33.3 57.4  4.7  7.6 63.6 72.2 
93.3 42.6 73.4 80.1 69.5 94.2 48.6 36.3  8.7 38.2 91.3 60.0 93.4 77.4  5.5  1.7 15.8 74.9 23.8 32.7 24.0 76.2 75.1 45.9 27.8  8.4 38.5 67.8 16.0  2.2 40.0 44.5 44.8 48.6 24.7 49.5 78.0  8.5 85.8 86.7 82.0 12.3 81.9 10.6 89.7 87.5 12.3 40.8 62.4 71.3  8.7 86.5 47.6 83.8 67.6 10.6 92.3 41.3 78.4 43.5 43.5 53.6 88.1 23.5 37.5 48.0 73.1 15.5 91.7 94.1  2.3 73.7  6.5 19.4 19.5 96.2  6.9 31.9 72.2  4.6  3.2 80.9 26.3 86.0 64.8 93.9 96.7 92.3 35.2 10.3 35.8 14.0 64.0 23.9 37.5 36.7 71.9 10.6 52.2 63.7 
 4.8 89.7 72.6 46.5 44.4 92.2 42.7 51.3 59.3 50.2 91.1 62.5 31.1 17.4 83.8 31.1 11.3 15.7 23.4 81.8 61.2 59.3 31.0 60.4 18.4 68.5 97.1 25.6 14.4 84.6 89.3 54.4 74.3 97.1  0.9 53.9 24.5 78.8  5.3 83.8 29.0 96.4 81.6 95.4 49.1 65.4 26.5 60.4 16.3 50.0 77.4 77.5 44.5  8.4 38.0 62.9 12.2 35.1 88.5 26.6 19.7 13.0 16.2 29.3 45.4 17.1 83.2 69.9 31.1 23.7 53.8 60.2 55.4 70.6 90.8  4.5 71.2 17.3  0.1 87.5  2.5 12.8  0.2 47.0 56.4 38.2 10.0 68.6  8.6 33.7 30.4 63.5 46.8 46.6 28.0 92.2 98.9 46.5 97.3 30.1 
 5.4 86.3 25.5 60.8 56.9 16.3  0.5 28.1 68.8 35.9 50.8 71.4 83.9 86.3 18.4 40.3 24.5 63.6  9.0 68.3 97.4 74.6 67.1 79.4 21.3 95.1  6.8 55.4 76.8 39.3 85.5 82.3 25.7 46.2 78.3 17.8 97.7 14.1 81.2 66.6 50.0 32.0 38.0 33.9 18.3 91.6  9.4 78.1 90.5 18.4 81.6 87.9 93.1 48.7  2.5 49.6 79.1 44.5  5.0 55.9 83.8 25.8 38.2  9.5  7.2 16.6 27.4  5.0 30.7  8.6  6.8 15.9 75.8 80.0 85.0 29.4 71.6 94.4 42.7 97.3 48.1 24.3 85.2 76.4 73.1 22.9 61.2 52.2 67.4 66.2  8.1 51.3 27.2 81.6 60.8 34.5 33.4 23.4 74.7 99.3 
67.2 81.5 15.2 43.1 61.5 35.4  7.7 68.3 29.8 50.4 65.7 13.1 74.7 86.1 89.5 83.0  9.1 85.9 70.4 11.7 52.2 13.8 63.0 14.6 95.4 59.1 84.3 64.0 17.7 59.0 63.3 85.0 40.5 13.7 63.3 37.2 49.1 71.0 40.8 14.1 56.6 41.7 62.5 66.5 63.0 87.2 49.6  7.3 73.2 20.0 19.1 60.6 69.0 17.3 75.2 99.6 76.4 59.6 63.6 29.4 18.6 26.9 14.4 94.4 40.6 12.9 66.8 24.9 83.9 42.8 74.3 40.5 84.5 36.8  7.0 82.8 59.2 91.8 90.1 32.4 47.1  9.2 93.0 16.1 61.8 68.3 15.8 73.4 63.1 79.4  2.8 81.7 41.6 17.2 11.3 17.4 65.3 13.4 77.6 49.2 
56.2 87.1 24.9 76.0 59.1 67.2 58.8 18.3 94.2 48.9 50.8 41.3 93.4 43.8 92.7 90.4 47.3 43.7 63.8 10.4 58.3 66.7 27.4 35.1 19.1 73.9 52.6 84.5 87.3 65.4 68.9 43.6 52.5 29.1 19.6 11.6 96.3 13.6 29.9 25.7 97.7 80.7  2.3 91.1 59.8 95.0 81.5  7.1 73.9 80.6 52.8 32.2 47.3 15.4  2.6  1.6 89.3 55.2 86.1 76.7 20.6 90.3 20.3 73.1 19.4 75.1 84.7 50.9 23.9 49.8 76.6 21.6 30.6 78.9 48.0 25.6  9.1 64.7 67.9 18.2 45.3 20.7 85.7 27.8 36.1 88.3 29.5 25.5 78.7 50.8 37.4 99.3 41.1 92.9  7.6 60.5 68.0 27.5 46.6 27.1 
77.3 23.3 48.7 43.1 37.4 31.9 68.7 81.8 96.7 36.7 35.2 77.2 57.4 20.9  5.1 28.8  9.2 69.8 89.5 87.9 20.6 26.9 22.4 61.8 19.8 65.2 57.5 23.0 92.7  4.2 50.1 70.1 62.7 34.0 48.4 35.3 66.0 17.2 52.3 97.9 53.9 87.6 75.1 46.5  8.5 15.4 10.5 53.0 85.2  0.0 76.1  5.9 26.9 33.8  2.9 46.7 99.0 95.6  4.9 91.8 35.0 55.0 97.1 97.7 89.1 45.5 68.3 90.3 97.9 20.6 88.2 87.0  8.2 63.3 68.8 52.0 78.8 79.3 40.2 99.2 14.6 16.3  5.1 76.7 50.1 43.2 23.5 84.4 38.9 63.6 76.2 73.9 18.7  8.5  6.9 43.0 89.2 75.2 33.3 87.2 
31.0 21.5  9.4 74.5 20.0 78.2 61.7 34.0 92.8  1.9 33.3  7.4 53.4 73.6 84.1 38.8 16.9 42.8 23.2 91.0  6.5 34.6  0.1 60.4 43.1  7.0  3.4 67.5 17.4 71.9 54.7 48.5 93.4 99.4 58.2 48.6 77.6 19.9 82.7 70.4 21.8 51.2 13.0 10.4 60.0 97.2 49.2 76.9 75.2  7.6  3.1 81.7 42.2  3.3 42.1 20.5 45.5 80.7 88.1 63.0 52.6 78.0 46.7 81.2 77.4  4.9 29.9 55.1 60.0 47.8 60.7 81.8 34.2 73.8 27.4 94.2  6.2 76.7  6.4 81.4 84.3  9.5 98.4 26.6 48.0 75.7 82.3 93.6 56.5 70.4 91.8 44.3 48.5 38.5 25.6 61.1 78.6 90.7 51.4 38.6 
73.7 12.2 55.6  7.9 21.2 83.0  2.1 27.4 94.9 43.7 44.0 79.3 88.5 42.4 41.1 36.5 18.2 58.6 65.3  9.9 29.1 57.1 54.2 12.8 30.8 79.8 73.9 44.6  5.7 25.4 18.4 79.4 72.8  9.2 87.3 94.0 92.3 24.7 56.6 22.4  3.6  0.6  1.7 92.1 43.1 78.0 63.9 96.5 36.7 29.2  6.4  1.0 21.6 60.6 49.0 87.6 75.7 22.9 67.5 16.6 83.5 85.9 96.1 91.5 95.2 18.6 85.5 22.7 78.5 77.3 45.1 82.2 78.0 82.1 74.3 56.3 95.3 73.4 52.8 67.2 37.9 59.2  3.4 59.5 55.0 52.4 82.3 65.9 10.6 49.8 82.6 94.1 71.0 78.7 85.7  1.4 32.5  6.4 24.1 11.1 
83.8  4.4 93.3 61.8 86.5  2.8 53.3 17.1 76.3  6.1 84.3 49.4  0.5 87.8  8.9 90.7 40.2 26.4 56.7 86.0 11.5 74.5 80.2 17.7 88.4  1.1 19.1 20.9  7.5 78.4 67.2 26.5 82.8 60.5 23.5  4.6 98.6 76.8 21.7 10.1 82.9 41.2 59.5 18.6 64.2  3.6  9.4 39.7 65.2  1.3 25.7 76.7 75.8  5.9 94.4 64.2 42.2 13.5 20.3 49.8 27.1 87.6 11.5 10.0 83.3 35.1 14.6 81.9 11.9 71.5 27.2 30.1 47.9 86.7 48.7 12.2 25.5 93.3 51.9 90.8 94.6 77.6 67.5 70.4 18.8 97.2 69.8 61.0 45.9 25.4 46.0 73.1 13.0 57.6 83.1 96.3 92.7 32.9 13.5 39.8 
39.6 40.7 69.9 87.5 62.7 18.7 99.7 88.2 12.0 86.8 79.0  6.7 99.7 81.8 12.3 18.5 79.0 17.4 14.7 24.9 42.8 96.0 33.2 91.0 88.8 51.5 22.5 81.5 19.6 36.0 56.5 59.2 12.0 26.5 82.0 74.7 45.2 81.7 98.1 92.4  3.8 12.4 34.3  3.5 94.2 81.9 22.0  8.4 99.3 71.9 68.5 77.3 67.9  1.8 68.3 56.7 53.3 90.8 73.4 73.0 62.1 30.0 32.2 74.1 56.5 49.4 84.0 36.9 66.4 17.3 29.3 70.2 29.7 98.9 73.7 59.1 80.8 30.9 67.5 80.1 38.0 36.1 92.6  6.0 37.9 60.9 97.9 26.4 86.9 71.4 99.4 49.0 36.6 66.9 58.3 28.3 16.3 77.5 65.2 82.7 
94.9 29.7 88.1 59.8 28.6 61.8 19.0  9.4 27.9 86.5 24.7 66.0 57.8 17.3 72.0 95.7 78.2  5.1 22.2  0.4 76.5 56.8 49.4 48.3 23.7 43.0 76.6 75.3 20.5 77.0 93.2 50.6  6.8 81.4 10.5 70.6 78.4 29.5 80.1  6.4 51.2 40.0 72.4  9.1 57.4 79.6 40.0 70.8 84.7 97.4 71.2 96.5 54.3 55.9 44.8 13.2 34.1 56.7 23.7 89.8 33.7 17.0 40.5 75.7 98.4 51.0 46.4 76.8 15.7 61.7 18.4 66.9  1.7 90.8 11.2 94.3  5.6 51.3 65.2 25.6 48.7 71.6 22.1  3.0 62.7  2.1 51.5 32.0 58.8 75.2 21.9 27.8 92.2 62.4  3.5 25.8 48.6 49.9  2.7 64.3 
11.6 21.1 66.4 48.6 47.2 77.7 42.9 52.8 29.0 43.3 13.6 77.7 50.2 35.7 16.0 48.1 73.1 67.5 80.2 67.1 42.7  2.1 94.9 35.0 99.7 98.5 96.0 48.3 83.6 98.7 12.6 30.5 55.1 79.0 79.1 37.5 91.9 22.0 25.5 20.9  0.6 39.2 33.9 50.8 10.1 49.9 98.9 83.2 17.4 79.1 85.6 95.3 16.4 80.5 65.5 16.1 14.2 61.6 64.4 33.1 95.5 12.2 63.6 50.6 26.5 42.7 23.3 18.4 99.9 48.9 74.6 35.7 88.1  8.5 86.5 98.2 58.4 20.7 16.7 11.0 99.8  2.3 41.5 51.5 18.0  7.1 67.6 67.5  3.9 67.3  0.6 99.4 79.5 64.2 85.3 41.2 42.1  8.6 94.9 77.2 
92.7 69.5 13.0 80.8 78.0 34.7 14.3 71.6 55.4 31.0 17.8 90.5 68.5 59.3 42.0 86.5  1.6 44.8 89.2 40.7 12.1 89.8 75.4 26.9 89.2 60.7 68.1 66.5  4.5 63.0 43.8 97.3 32.5 92.0 78.1 45.7 61.9 27.6 17.3 17.4 93.8 70.3 43.1 62.3 64.9 20.3 84.1  1.7 65.1 73.3 42.5 77.3 63.2 17.9  4.2 87.6 13.8 72.3 54.2 18.3 70.6 33.2 50.8  3.1 60.4 64.2 84.1 22.3 91.8  1.4 74.9 85.7  7.0 53.2 48.0 71.9 73.5 67.3  8.8 38.7 40.7 86.5 16.0 39.1  4.4 55.4 26.7 53.4 27.7 16.1 71.8 33.5 84.5 22.6 36.7 44.9 22.0 20.8  2.5 13.9 
57.4 77.4 99.6 99.6 65.9 82.8  6.7 39.4 85.4 15.6 78.1 26.1  2.1 29.3  0.4 41.8 84.7 62.3 95.2 47.7 78.5  2.2 81.2 63.0 60.1 17.9 43.2 82.1 73.9 45.7 96.0 66.6 58.3 30.8 66.2 24.2 48.9 73.0 63.7 34.3 88.6 77.0 95.6 25.9  6.4 31.2 67.7 91.1 93.5 63.0 38.8  7.2  0.4 20.1  5.5 60.5 73.2 48.7 42.7 82.4 94.4 73.9 49.0 87.9  4.8 15.2 47.4 88.9 88.2 11.1 58.4 12.0 23.3 54.0 38.0 29.7 85.2 40.9 56.1 13.9 39.1 94.9 21.2 39.6 50.2 26.7  0.1 23.5 75.4 78.0 41.1  5.0 52.0 90.1 28.1 92.0  5.3 75.5 80.9 28.8 
21.8 39.3 76.0 45.2 28.5 49.2 74.9 48.9 25.4 66.2 62.8 64.5 61.2 84.0  4.1 46.6 10.7 39.5  5.3 21.3 17.5 46.4 61.5  4.7 36.5 89.7 31.9 77.1 65.2 12.8 41.1 87.1 87.3 17.1 32.3 51.0  1.6 42.4 99.9 27.0  8.7 98.0 91.5  5.1 82.0 30.9 51.7 28.0  5.6 92.3 84.5 58.3 38.7 46.1 63.1 75.3 35.8 95.0 87.6  1.0 43.1 28.7 23.3 65.6 81.0 90.8 51.9 82.6 33.3 87.0 44.8 77.2 85.0 71.6 82.3  2.3  2.5 69.2 65.5  8.1 61.5 50.0 66.4 35.5 31.3 64.7 46.0  2.3 95.0 33.6 38.6 73.3 97.5 61.9 38.9 78.5 52.8 90.8 96.4 21.3 
13.1 76.4 98.5 98.1 48.0 16.0  0.4 50.5 20.4  1.1 93.8 82.0 51.2 95.5 52.7 17.7 60.2 98.7 20.1 55.2 32.3 58.7 28.5 29.8 20.6  2.7 43.5  8.6 28.7 75.1 29.9 41.8 51.6 63.6 75.2 99.6 79.6 10.8 85.4  0.1 12.0 79.2 17.3 98.4  9.9 70.0 16.1 70.2  3.9 36.2 60.6 36.2 94.9 24.4  1.2 50.8 62.3 44.7 59.4 26.2 19.9 89.4  3.3  6.7 53.0 78.5  6.3 67.9 89.3 26.9  3.2  1.3 41.4 55.7 99.7 51.3 60.9 51.1 56.7 64.8 87.3 17.4  1.0 17.5 77.0 37.4 68.3 74.5 82.1 62.9  0.7 37.2 87.5  4.0 43.9 40.6 17.7 85.5 43.7  7.1 
12.4 46.9 43.6 53.8 37.8 78.6 40.4 98.7 29.7 97.1 63.5 52.2 49.7 99.7 69.7 26.7 37.1 73.2 36.4 54.4 36.2 72.4 26.9 58.9 76.4 70.8 99.5 94.2 91.5 78.4 36.5 39.2 60.5 80.1 28.2 98.3 58.7 68.6 97.0 23.6 65.8 95.7 75.9 15.5 95.4 80.8 77.5 67.7 89.3 13.9 22.2 25.5 21.5 49.1 19.6 98.0 55.1 19.2 27.4 81.9 32.8 63.9 21.1 93.4 79.2 84.5 91.7 38.0 53.2 24.0 96.8 19.0 19.7 72.7 69.7 50.4 53.6 47.2 53.3 42.9 96.4 10.7  3.6 17.9 59.8 23.2 51.1 50.2 77.6 13.7 67.3 10.5 77.6 23.6 39.1 92.1  8.1 30.8 65.3 61.3 
54.8 62.1 15.5 74.6 34.9 20.5 60.2 23.7  2.9 13.5  1.8 99.3 24.3 40.6 52.5 19.3 99.0 38.8  4.7 76.7 52.6 72.0 22.4 65.4 95.6 61.5 92.7 39.0 27.5 58.0 35.5 82.4 20.2 51.1 92.2 55.1 71.6 87.6 14.0 74.5  1.1 15.8  9.1 60.6 91.6 96.8 80.0 90.6 70.8 19.9  2.5 58.6 92.0 24.9 59.3 22.8 21.6 52.0 97.0 84.4 10.1 32.6 66.8 30.3 18.9 94.2 20.6 25.7 17.0 69.8 35.4 18.1 20.8 44.5 14.0 12.4 76.5 94.0  3.0 82.6 13.9  5.6 41.2 41.1 65.7  0.5 99.2 22.6 87.8 96.2  7.0 97.9 64.0  9.0 63.4 82.9  3.2 84.0  8.6 20.2 
53.8 44.1 73.5  9.8 23.8 87.5 22.2 35.6 16.7 25.2 18.2 65.9 66.0 94.6  7.0 67.0 95.2 41.4 89.6 83.0 72.9 96.6 16.1 36.9  5.6 79.5 19.9 44.0 98.7 63.7 99.4 87.7  7.8 72.9 97.5 66.9 95.7 19.7  2.5 12.4 80.1 20.7 78.3 46.2 50.5 20.6 13.2 80.9 97.2 38.0 99.1 70.1 34.6 15.2  7.1 75.4 94.7 62.2 19.4 93.4 25.9 18.8 81.1 33.8 26.9 13.8 35.9 22.6 33.5 38.4 70.3 13.7 94.3 48.6 95.1 44.8  4.4 43.5 25.8  1.7 81.5 24.9 71.8 16.1 75.4 14.1 91.5  5.3 76.3 46.1 98.8  2.3 64.9 15.1 71.3 91.8 29.0  7.2 49.7 97.7 
80.8 20.0 11.4 75.1  3.8 41.7 55.1  8.3 85.2 16.1 45.2 66.7 41.1 17.0 18.0 51.7 66.4 44.7 57.0 42.7 90.8 91.0 80.2 90.9  6.2 86.7 18.0 70.4 93.9 67.7  3.3  9.9 22.9 50.0 85.0 26.7 91.7 75.4 70.2 12.2 91.5 15.4 14.1 67.8 67.7 32.2 19.5 34.1 12.1 76.6 12.0 38.2 67.6 92.3 64.3  9.0 79.0 82.3 14.6  8.2 85.2 18.0 18.1  8.1 68.0 38.4 70.1 59.7 13.8 40.3  7.1  5.3 91.0 21.3 73.2 58.7 88.7 92.7 92.8 36.0 69.3  4.8 74.2 72.2 32.3 38.6 81.2 11.4 56.1 95.9 54.8 41.4 13.9 72.9 84.7 17.1 11.3 54.8 12.0 25.1 
30.4 19.2 65.7 21.4 40.5 38.9 80.1 29.2 66.8  8.1 65.2 71.4 48.1 74.7 43.6 80.5 48.5 60.0 27.1  4.6 55.9 81.9 46.0  5.0 54.8 66.0 22.1  1.4 20.8 34.2 61.7 51.2 88.6 27.4  7.8 29.1  1.5 87.9 93.5  3.6 31.2 93.9 75.0 79.4  3.8 53.8 59.9 52.3 13.8 22.2 57.0  5.0  4.1 38.2 45.2 94.1  4.2  2.6 30.7 25.1 72.0 92.5 11.5 60.6 19.9 19.4 89.7 56.7 42.5 18.4 60.3 73.8 47.5 35.3 53.2 51.4 24.3 48.3  3.7 73.3 70.5 60.7 13.5  9.8 99.0 58.8 39.1  3.2 61.4 69.9 63.5 68.6 62.4 10.3 29.2 17.5 29.7 54.1 74.2  7.4 
72.5 69.7 81.2 20.0 40.2 34.4 71.4 64.5 17.9 10.4 73.1 23.6 71.1 86.6 33.4  5.3 45.4 72.6 43.8 42.0 77.7 42.5 10.6 40.1 52.8 75.0 92.8 17.7 29.1  2.3 25.2 36.8 72.0  6.4 56.9 12.3 76.1 63.5 12.0 94.0  9.1 85.1 17.7 15.5 71.8 86.3 20.8 52.4 94.1 99.8 29.7 71.8 42.4 75.5 47.1 95.2 50.6 40.0 13.0 14.9 42.3 38.2 51.8 49.5 79.8 43.9 97.0 55.9 42.6  9.1 85.2 51.8 29.4 38.1 67.3 36.4 24.4 23.3 88.9 18.6 23.2 53.8 25.6  0.8 29.3 72.8 31.2 15.1 48.0 44.2 30.1 25.5 17.6 81.9 75.0 32.7 61.0 72.1 88.6  3.6 
16.4 73.8 55.4 81.0 11.9 57.9 17.5 71.6 16.5 41.6 25.4 39.7 95.4 51.0 75.7 59.9 59.0  6.9 75.1  7.0 86.4  5.2 32.5 39.2 22.3 42.8 71.9 83.3 50.1 60.6 22.1  1.7 69.6 12.8 82.7 16.8 70.7 35.4 88.4 87.2 77.0 49.0 62.1  7.6  0.0 37.8  2.8 59.1 80.0 77.9  1.3 66.4 18.3 69.1 40.8 75.8 11.9 12.8 94.3 62.0  8.6 16.4 98.9 78.2 29.2 81.6 30.2  0.0 17.1 53.8 22.4 29.3  2.8 19.8 72.2  2.9 57.6 75.0 97.2 72.8 88.1 33.7 74.4  6.4  2.8 15.3 17.4 49.9 28.1 11.7 47.1 36.7 28.1 46.0 50.1 57.4 27.7 15.6 92.6 80.0 
69.4 50.2 44.5 72.3 70.0 51.9 75.2 62.9 26.9  7.6 35.7 50.2 41.3 10.2 56.6 79.4 25.5  9.2 29.3 88.8 20.9 76.5 60.7 49.1 57.7 46.0 41.7 85.4 61.6 34.3  0.6 31.1 84.5 80.4  3.4 89.8 32.3 13.8 52.7 59.3 56.6 88.4 44.7 33.1 33.8  1.4 12.5 94.5 45.8 77.1 83.3 66.8 88.8 79.2 15.9 46.5 25.3 57.6 67.2 22.1 27.1  3.0 53.2 46.8 83.4 91.8 36.6 15.8 40.8 89.3 10.3 97.4 13.0 55.0 30.6 46.8 91.6 78.3 41.4 37.5 55.4 59.9  4.3 44.2 39.2 55.4 26.0 99.7 48.2 93.2 21.8 10.5 96.2 10.3 57.3 79.7  2.1 29.2 30.7 43.0 
