25
38.3 88.6 77.7 91.5 79.3 33.5 38.6 49.2 64.9 42.1 36.2  2.7 69.0  5.9 76.3 92.6 54.0 42.6 17.2 73.6 21.1 36.8 56.7 42.9 78.2 
53.0 86.2 12.3  6.7 13.5 92.9 80.2  2.2  5.8  6.9 16.7 39.3 45.6  1.1  4.2 22.9 37.3 42.1 91.9 78.4 53.7 19.8 32.4 31.5 37.0 
41.3 52.6  9.1 98.0 95.6 87.3 86.2 17.0 99.6 28.1 30.5 92.5  8.4 32.7 33.6 50.5 84.6 72.9 31.3 85.7 12.4 89.5 58.2 54.5 81.4 
36.7 43.4 36.4  4.3 75.0  8.7 80.8 27.6 17.8 78.8 58.4 40.3 65.1 75.4 39.9 93.2  6.0 67.6 36.8 73.9  1.2 22.6 58.6  9.4 53.9 
79.5 57.0 43.4 37.8 46.7 60.1  9.7 90.2 31.7 49.2 65.2 75.6 30.1 28.0 28.6 44.1 86.5 68.9 44.4 61.9 44.0 72.9  3.1 11.7  9.7 
77.1 48.1 67.5 70.9 92.7 56.7 85.6 49.7 35.3 58.6 96.5 30.6 68.3 21.9 62.4 52.8 87.1 73.2 82.9 50.3  1.9 27.0 36.8 70.8 71.5 
34.0 14.9 79.6 72.3 61.8 24.5 84.6 45.1 92.1 55.5 37.9 48.8 76.4 22.8 84.1 35.0 19.3 50.0  3.4 76.4 12.4 91.4 98.7 85.6 74.3 
49.1 22.7 36.5 85.9 93.6 43.2 55.1 43.7 22.8 27.5 40.7 47.4 12.1 85.8 39.5  2.9 23.7 23.5 79.3 81.8 42.8 14.3  1.1 92.8 52.9 
77.6 40.4 44.3 76.3 61.3 53.8 60.6 84.0 90.4 81.8 12.8 68.8 36.9 91.7 91.7 99.6 32.4 74.3 47.0 18.3 49.0 49.9 77.2 72.5 64.4 
59.0 50.5 13.9 95.4 78.6 66.9  8.2 54.2 46.4 19.7 50.7 35.5 80.4 34.8 61.1 62.2 82.8 29.9 34.3 74.6 56.8 34.0 42.2 31.1 81.0 
60.5 80.1 66.1 73.0 87.8 30.5 32.0 73.6 44.4 62.6 52.2 46.5 70.8 41.6 28.2 25.8 92.4 63.7  6.2 62.4 60.0  3.6 45.2 89.9 37.9 
55.0 46.8  7.1 97.3 13.1 88.1 93.0 93.3 89.4 66.0 16.3 19.9 98.1 89.9 99.6 95.9 77.3 81.3 66.8 19.0  9.5 92.6 46.6  8.4 34.0 
 9.0 68.4 37.6 54.2 93.6 10.7 44.5 75.6 17.9 41.8 88.7 41.2 34.8 17.2 65.9  0.9 33.6 21.0 34.2 58.7 20.6 30.1 71.3 37.2 32.1 
25.5 81.9 59.9 72.1 90.4 93.9 81.1 94.0 66.7 70.5 22.8 12.7 15.0 98.4 65.8 92.0 22.4 42.2 26.9 39.6  8.1 63.0  8.4 29.2 97.2 
67.2 85.0 62.5 38.5 22.2 29.9 64.0  4.2 89.8 71.3 29.8 19.0 52.4 59.0 20.9 58.1 81.9 33.6 73.2 15.5 99.4  0.4 37.9 76.9 27.3 
77.6 85.0 25.5 86.0 14.2 57.9 88.4 99.3 20.5 62.1 56.7 50.4 61.3 96.1 75.4 32.6 25.9 94.4 20.2 20.2 50.6 78.4  2.1 84.2 86.8 
52.8 18.9 87.2 90.8 95.8 49.8  3.6 80.8 75.3 24.8 30.3 33.3 13.3 64.8 89.0 75.4 56.7 74.6 36.8 52.9 50.0  4.6 78.8 79.7 24.9 
99.0 30.3  3.3 36.3 49.7 25.3 89.2 68.6 12.5 15.2 99.6 97.5 18.8 15.7 72.9 43.6 46.0 41.4 92.1 46.0 30.4  2.8  2.7  5.0 74.8 
55.6 90.2 79.4 69.7 69.9  4.3  3.9  0.2 42.8 40.3 50.0 68.1 64.7 53.8 15.9 15.1 53.5 13.4 33.9 69.2 21.5 12.7 50.4 62.9  4.9 
96.4 28.5 42.9 34.3 33.5 17.7 90.0 23.8 97.1 94.9 28.9 36.7 98.8 29.2 79.5 74.3 14.4 82.9 39.0 68.2 34.0 54.1 56.9 82.6 23.2 
26.1  4.2 36.0 11.7  2.3 76.1  8.1 30.9 19.0 42.5 99.6 36.7 67.7 23.4 69.0 62.6 52.4  5.7 61.4 16.8 20.5 35.8 31.2 38.6 10.0 
34.6 72.6 99.4 91.6 55.2 57.8 52.9 94.6 29.0 64.7 97.0  5.1  8.0 63.1 59.3 85.7 62.7 31.2 88.6 21.4 35.5 51.2  9.0 41.2 47.9 
61.0 96.9 18.9 27.4 35.5 64.1 62.0 43.3 98.7 88.8 33.8 56.6 77.0 28.4 85.6 41.7 60.6 26.0 84.9 23.7 20.5  5.9 21.7 51.8 94.5 
78.3 87.3 45.8 87.3 63.7 28.9 48.3 60.7 47.8 75.7 31.4 47.1 72.9 10.0 45.9 61.8 43.8  2.5 38.8  7.4 23.3 15.7 68.1 49.3 35.8 
27.0 69.9 41.7 83.9 56.9 36.3 62.2 79.4 17.3 84.7 43.1 46.2 68.2 39.0 29.2 79.1  5.7 11.5 52.1 15.7 57.4 49.1 94.7 95.1 23.1 
