188278.00
38966.00
16207.00
8452.00
4902.00
3036.00
1988.00
1414.00
1067.00
843.00
674.00
511.00
390.00
261.00
153.00
72.00
 3.0  5.6  8.1  9.5 11.0 11.4 12.1 12.1 12.5 12.5 12.8 12.8 13.2 13.1 13.3 13.0 12.9 12.3 12.1 11.5 11.3 11.1 11.2 11.3 11.7 11.9 12.4 12.6 13.0 13.0 13.2 12.9 12.9 12.5 12.4 12.1 12.2 12.1 12.4 12.4 12.7 12.5 12.6 12.2 12.2 12.0 12.1 12.2 12.6 12.8 13.4 13.3 13.7 13.4 13.6 13.3 13.4 13.1 13.2 12.9 13.0 12.5 12.5 12.0 12.0 11.6 11.8 11.6 11.9 11.9 12.4 12.4 12.9 13.0 13.4 13.4 13.7 13.6 13.9 13.9 14.2 14.0 14.3 14.0 14.1 13.8 13.9 13.5 13.5 12.9 12.7 11.9 11.5 10.7 10.3  9.4  8.5  6.9  5.1  2.6 
 5.6 11.0 14.9 18.6 20.3 22.2 22.6 23.5 23.5 24.1 24.2 24.9 24.9 25.5 25.1 25.2 24.3 23.9 22.7 22.2 21.4 21.4 21.3 21.8 22.1 23.0 23.4 24.4 24.5 25.2 24.9 25.1 24.4 24.2 23.4 23.4 23.0 23.4 23.3 24.0 23.8 24.2 23.6 23.7 23.0 23.1 22.9 23.5 23.8 24.8 25.0 25.8 25.6 25.9 25.4 25.6 25.0 25.3 24.8 25.0 24.3 24.3 23.4 23.3 22.5 22.5 22.1 22.4 22.4 23.0 23.2 24.1 24.3 25.1 25.2 26.0 25.9 26.4 26.3 26.9 26.7 27.2 26.8 27.1 26.5 26.7 26.1 26.2 25.3 25.1 23.7 23.0 21.6 20.8 19.3 18.2 15.9 13.5  9.5  5.2 
 7.9 14.7 21.1 25.1 28.7 30.1 31.8 32.1 33.1 33.3 34.2 34.4 35.3 35.1 35.6 34.7 34.4 32.9 32.1 30.7 30.3 29.6 30.0 30.2 31.2 31.7 33.1 33.5 34.6 34.6 35.2 34.5 34.4 33.4 33.1 32.3 32.4 32.2 32.8 32.8 33.5 33.0 33.3 32.4 32.4 31.9 32.3 32.4 33.5 34.0 35.2 35.2 35.9 35.3 35.5 34.8 35.1 34.6 34.9 34.2 34.3 33.3 33.0 31.9 31.7 30.9 31.1 30.8 31.5 31.6 32.6 33.0 34.2 34.5 35.6 35.7 36.6 36.5 37.2 37.1 37.7 37.3 37.7 37.0 37.2 36.5 36.7 35.8 35.6 34.2 33.4 31.5 30.3 28.4 27.2 24.9 22.7 18.4 13.6  7.0 
 9.2 18.1 24.7 30.6 33.8 36.8 37.8 39.3 39.7 40.8 41.2 42.3 42.5 43.3 42.8 42.8 41.4 40.5 38.7 37.7 36.5 36.4 36.2 37.0 37.5 38.9 39.6 41.0 41.3 42.3 41.9 42.2 41.2 40.8 39.7 39.5 38.9 39.2 39.2 40.0 39.8 40.3 39.6 39.6 38.9 39.0 38.8 39.7 40.1 41.5 41.8 42.8 42.4 42.8 42.1 42.3 41.7 42.1 41.6 41.8 40.9 40.7 39.5 39.1 38.0 37.8 37.3 37.7 37.8 38.6 39.1 40.3 40.9 42.2 42.7 43.9 44.0 44.8 44.7 45.4 45.1 45.6 44.9 45.1 44.2 44.3 43.5 43.5 42.3 41.7 39.7 38.4 36.2 34.7 32.5 30.6 27.0 22.9 16.2  8.8 
10.4 19.5 27.8 33.3 38.0 40.3 42.5 43.4 44.7 45.4 46.6 47.2 48.2 48.3 48.6 47.6 46.9 45.1 43.8 42.2 41.4 40.7 40.9 41.2 42.3 43.1 44.5 45.2 46.4 46.5 47.1 46.5 46.3 45.2 44.7 43.8 43.7 43.5 44.0 44.0 44.6 44.3 44.4 43.8 43.7 43.3 43.8 44.1 45.1 45.7 46.8 46.8 47.3 46.7 46.8 46.3 46.6 46.3 46.6 46.1 46.0 45.0 44.5 43.3 42.8 42.1 42.1 42.0 42.6 43.0 44.0 44.7 46.0 46.7 48.1 48.6 49.6 49.7 50.4 50.2 50.7 50.1 50.2 49.3 49.2 48.5 48.5 47.6 47.3 45.8 44.6 42.4 40.7 38.5 36.8 34.0 30.8 25.3 18.7  9.6 
10.7 20.8 28.7 35.5 39.7 43.1 44.8 46.5 47.5 48.8 49.7 50.9 51.4 52.1 51.7 51.4 49.9 48.6 46.8 45.5 44.3 43.8 43.6 44.2 44.8 46.0 46.8 48.1 48.6 49.4 49.3 49.4 48.7 48.3 47.3 46.9 46.4 46.4 46.4 46.8 46.8 47.1 46.7 46.7 46.3 46.4 46.4 47.1 47.5 48.5 48.8 49.4 49.2 49.3 48.8 49.0 48.8 49.1 48.9 49.1 48.4 48.0 47.0 46.4 45.6 45.2 45.0 45.3 45.6 46.3 46.9 47.9 48.7 49.9 50.7 51.9 52.3 53.1 53.1 53.5 53.1 53.1 52.3 52.0 51.2 51.1 50.5 50.5 49.5 48.8 47.0 45.4 43.3 41.5 39.2 36.8 32.7 27.7 19.7 10.6 
11.1 21.0 29.9 36.1 41.2 44.2 46.6 48.1 49.5 50.6 51.9 52.7 53.7 53.9 54.0 53.0 52.1 50.3 48.9 47.3 46.2 45.5 45.4 45.6 46.4 47.1 48.2 48.9 49.8 50.1 50.5 50.2 50.1 49.4 49.0 48.4 48.1 47.9 48.0 48.0 48.3 48.2 48.2 47.9 47.9 47.7 48.0 48.2 48.8 49.2 49.8 49.9 50.1 49.8 49.8 49.7 49.9 50.0 50.3 50.0 49.9 49.2 48.7 48.0 47.5 47.2 47.2 47.4 47.9 48.3 49.0 49.6 50.5 51.3 52.3 53.0 53.9 54.2 54.7 54.5 54.5 53.8 53.4 52.6 52.1 51.7 51.6 51.3 51.0 50.0 48.8 46.9 45.2 43.2 41.2 38.3 34.7 28.6 21.0 10.9 
11.1 21.6 30.0 37.0 41.7 45.3 47.5 49.3 50.6 51.9 52.9 54.0 54.6 55.1 54.7 54.2 52.8 51.4 49.7 48.4 47.2 46.5 46.3 46.4 46.9 47.7 48.4 49.2 49.7 50.2 50.3 50.4 50.2 50.1 49.8 49.5 49.2 49.1 49.0 49.0 49.0 49.0 48.8 48.7 48.5 48.4 48.4 48.6 48.8 49.2 49.4 49.7 49.6 49.7 49.6 49.7 49.8 50.2 50.3 50.4 50.2 49.9 49.4 49.1 48.8 48.7 48.8 49.2 49.5 50.0 50.4 50.9 51.4 52.0 52.6 53.4 54.0 54.6 54.7 54.9 54.5 54.0 53.2 52.6 52.0 51.8 51.7 51.8 51.5 50.9 49.7 48.2 46.4 44.7 42.5 39.9 35.5 29.9 21.3 11.5 
11.5 21.7 30.8 37.3 42.6 45.8 48.4 50.0 51.4 52.5 53.6 54.3 55.1 55.1 55.0 54.1 53.0 51.5 50.1 48.7 47.7 47.0 46.7 46.8 47.2 47.8 48.4 48.9 49.4 49.7 49.9 50.0 50.2 50.2 50.3 50.2 50.1 50.0 49.9 49.8 49.7 49.5 49.3 49.1 48.8 48.5 48.4 48.3 48.3 48.5 48.7 48.9 48.9 49.0 49.0 49.2 49.4 49.7 50.0 50.1 50.1 50.0 49.8 49.7 49.7 49.9 50.2 50.6 51.0 51.3 51.6 51.7 51.9 52.2 52.6 53.1 53.8 54.2 54.6 54.6 54.3 53.7 53.0 52.3 51.7 51.6 51.7 51.8 51.8 51.3 50.5 49.0 47.5 45.7 43.7 40.6 36.8 30.2 22.2 11.5 
11.6 22.5 31.1 38.4 43.1 46.7 48.9 50.6 51.8 52.8 53.6 54.4 54.7 54.9 54.4 53.8 52.5 51.3 49.9 48.8 47.9 47.3 47.1 47.1 47.5 47.8 48.4 48.7 49.0 49.2 49.4 49.6 49.9 50.3 50.6 50.9 50.9 51.0 50.9 50.7 50.5 50.2 49.9 49.5 49.0 48.5 48.2 47.8 47.7 47.7 47.9 48.1 48.2 48.3 48.4 48.5 48.8 49.0 49.3 49.6 49.8 49.9 50.1 50.2 50.5 50.9 51.3 51.8 52.0 52.3 52.3 52.3 52.1 52.1 52.4 52.8 53.3 53.9 54.2 54.4 54.1 53.6 52.9 52.1 51.7 51.5 51.7 51.9 51.9 51.7 50.8 49.7 48.2 46.6 44.3 41.6 37.0 31.0 22.1 11.8 
12.1 22.8 32.3 38.9 44.2 47.3 49.6 50.9 52.0 52.6 53.4 53.8 54.2 54.0 53.7 52.9 51.9 50.7 49.6 48.7 47.9 47.6 47.4 47.6 47.8 48.2 48.5 48.8 48.9 49.1 49.2 49.5 49.8 50.4 50.9 51.3 51.7 51.7 51.8 51.6 51.3 50.9 50.5 49.9 49.3 48.6 48.0 47.6 47.2 47.3 47.4 47.7 47.8 48.0 48.0 48.2 48.2 48.6 48.8 49.2 49.5 49.9 50.2 50.6 51.0 51.5 52.0 52.3 52.7 52.6 52.7 52.4 52.2 52.0 52.1 52.5 53.0 53.6 54.1 54.3 54.1 53.6 52.9 52.3 51.8 51.7 51.8 52.0 52.1 51.7 51.1 49.9 48.7 46.9 45.0 41.8 37.6 30.8 22.5 11.7 
12.3 23.9 32.9 40.3 44.8 48.2 49.9 51.1 51.7 52.3 52.6 53.0 53.1 53.1 52.6 52.0 51.0 50.1 49.2 48.5 48.2 48.0 48.1 48.2 48.6 48.8 49.1 49.2 49.3 49.3 49.4 49.5 50.0 50.5 51.1 51.7 52.0 52.3 52.3 52.3 52.0 51.7 51.1 50.5 49.7 48.9 48.1 47.5 47.3 47.2 47.5 47.7 48.0 48.1 48.2 48.2 48.3 48.4 48.8 49.0 49.5 49.9 50.3 50.8 51.2 51.7 52.0 52.4 52.4 52.6 52.3 52.2 51.8 51.7 51.8 52.2 52.8 53.5 54.1 54.4 54.3 53.9 53.2 52.6 52.2 51.9 52.0 52.1 52.0 51.7 51.0 50.0 48.7 47.2 45.0 42.2 37.3 31.2 22.2 11.8 
13.0 24.4 34.3 41.0 46.0 48.6 50.3 51.0 51.4 51.6 51.8 51.9 52.0 51.9 51.6 51.0 50.3 49.6 48.9 48.7 48.5 48.7 48.9 49.2 49.5 49.8 50.0 50.1 50.0 50.0 49.9 50.0 50.2 50.6 51.1 51.6 52.0 52.2 52.5 52.4 52.4 52.0 51.6 50.9 50.1 49.2 48.4 47.9 47.5 47.7 47.9 48.4 48.7 49.0 49.0 49.0 48.8 49.0 49.0 49.3 49.6 50.0 50.4 50.8 51.2 51.4 51.7 51.7 51.8 51.6 51.6 51.3 51.3 51.3 51.5 52.0 52.7 53.5 54.2 54.6 54.6 54.1 53.6 52.9 52.5 52.3 52.2 52.1 52.0 51.5 50.8 49.9 48.7 47.1 45.1 41.9 37.6 30.7 22.4 11.6 
13.2 25.5 34.8 42.3 46.5 49.4 50.4 50.9 50.9 50.8 50.9 50.9 51.0 50.9 50.7 50.3 49.8 49.2 49.0 48.9 49.1 49.4 49.8 50.2 50.5 50.8 50.9 51.1 51.0 50.9 50.8 50.7 50.7 50.8 51.0 51.3 51.5 51.8 51.9 52.1 52.1 52.1 51.7 51.2 50.4 49.6 48.8 48.2 48.1 48.3 48.9 49.5 50.0 50.3 50.4 50.2 50.1 49.8 49.8 49.8 50.0 50.2 50.5 50.7 50.8 50.9 50.7 50.6 50.4 50.3 50.2 50.3 50.3 50.6 51.1 51.7 52.7 53.6 54.4 54.9 54.8 54.5 53.9 53.2 52.8 52.5 52.4 52.2 51.9 51.4 50.7 49.8 48.6 47.2 45.0 42.0 37.2 30.9 22.0 11.7 
13.8 25.8 36.1 42.7 47.5 49.5 50.6 50.6 50.4 50.2 50.0 50.1 50.1 50.1 50.0 49.8 49.5 49.3 49.2 49.4 49.7 50.3 50.8 51.1 51.5 51.7 51.9 51.9 52.0 51.8 51.7 51.4 51.2 51.0 50.8 50.7 50.8 50.8 51.0 51.2 51.5 51.5 51.5 51.0 50.5 49.6 49.0 48.6 48.6 49.1 49.9 50.7 51.5 51.8 52.0 51.8 51.5 51.2 50.8 50.6 50.5 50.5 50.5 50.5 50.4 50.0 49.7 49.2 48.8 48.7 48.7 48.9 49.2 49.8 50.5 51.5 52.6 53.7 54.7 55.1 55.2 54.7 54.1 53.5 53.0 52.8 52.5 52.3 52.0 51.5 50.8 49.9 48.8 47.3 45.2 41.9 37.5 30.5 22.2 11.4 
13.8 26.7 36.2 43.7 47.6 50.1 50.6 50.5 50.1 49.7 49.5 49.4 49.6 49.6 49.7 49.6 49.6 49.5 49.7 50.0 50.5 51.1 51.5 51.9 52.1 52.3 52.4 52.6 52.5 52.6 52.2 52.0 51.4 51.0 50.5 50.1 49.8 49.7 49.9 50.1 50.4 50.7 50.7 50.6 50.0 49.4 48.9 48.7 48.9 49.6 50.6 51.8 52.6 53.4 53.4 53.4 52.9 52.5 51.9 51.4 51.1 50.8 50.5 50.3 49.8 49.2 48.5 47.8 47.4 47.0 47.2 47.5 48.1 48.9 50.0 51.2 52.6 53.9 54.8 55.4 55.3 55.0 54.4 53.8 53.3 53.0 52.8 52.6 52.3 51.8 51.1 50.3 49.2 47.7 45.4 42.3 37.2 30.9 21.8 11.6 
14.2 26.5 37.0 43.6 48.4 50.1 50.8 50.5 50.0 49.5 49.2 49.3 49.4 49.7 49.8 50.0 50.0 50.2 50.4 50.8 51.3 51.7 52.1 52.2 52.4 52.3 52.5 52.5 52.8 52.6 52.5 52.0 51.5 50.7 50.0 49.4 48.9 48.6 48.6 48.9 49.2 49.5 49.7 49.5 49.2 48.7 48.4 48.3 48.7 49.6 50.9 52.2 53.5 54.2 54.7 54.5 54.2 53.4 52.8 52.0 51.5 50.9 50.5 49.9 49.3 48.4 47.5 46.7 45.9 45.7 45.7 46.3 47.1 48.2 49.5 51.0 52.6 53.9 55.1 55.5 55.7 55.2 54.6 54.0 53.6 53.3 53.2 53.0 52.7 52.3 51.7 50.8 49.8 48.1 45.9 42.3 37.6 30.5 22.1 11.4 
14.0 27.0 36.7 44.3 48.2 50.6 50.9 50.6 50.0 49.5 49.4 49.3 49.7 50.1 50.5 50.7 51.0 51.1 51.4 51.6 51.9 52.2 52.2 52.2 52.0 52.0 51.9 52.1 52.1 52.2 51.9 51.7 51.0 50.3 49.4 48.6 48.0 47.6 47.5 47.6 47.9 48.2 48.3 48.3 48.0 47.7 47.5 47.5 48.1 49.2 50.6 52.3 53.5 54.7 55.0 55.2 54.7 54.1 53.1 52.3 51.5 50.9 50.2 49.6 48.7 47.7 46.7 45.7 45.0 44.6 44.8 45.3 46.3 47.6 49.1 50.8 52.5 54.0 55.0 55.8 55.7 55.4 54.7 54.2 53.7 53.5 53.4 53.4 53.2 52.9 52.2 51.4 50.1 48.6 45.9 42.6 37.3 30.7 21.6 11.4 
14.3 26.7 37.3 44.0 48.8 50.5 51.2 50.8 50.2 49.8 49.6 49.9 50.3 51.0 51.5 52.0 52.3 52.4 52.5 52.6 52.6 52.3 52.1 51.6 51.3 50.9 50.8 50.8 51.0 51.0 51.0 50.6 50.2 49.4 48.7 47.9 47.2 46.8 46.5 46.6 46.7 46.9 47.0 46.9 46.7 46.4 46.3 46.6 47.2 48.4 50.0 51.6 53.3 54.3 55.1 55.0 54.8 54.0 53.2 52.3 51.4 50.6 49.9 49.1 48.2 47.2 46.0 45.1 44.2 44.0 44.0 44.7 45.7 47.2 48.8 50.6 52.4 53.9 55.1 55.6 55.7 55.3 54.7 54.1 53.7 53.5 53.6 53.6 53.6 53.2 52.7 51.7 50.5 48.5 46.1 42.2 37.3 30.1 21.6 11.1 
14.1 27.1 37.0 44.7 48.7 51.1 51.4 51.1 50.5 50.1 50.1 50.5 51.2 52.0 52.8 53.5 53.7 53.9 53.7 53.5 52.9 52.3 51.5 50.7 50.0 49.5 49.2 49.2 49.3 49.5 49.4 49.3 48.9 48.4 47.7 47.0 46.4 46.0 45.7 45.6 45.7 45.7 45.6 45.5 45.3 45.1 45.2 45.4 46.2 47.4 49.0 50.7 52.2 53.6 54.2 54.7 54.3 53.8 52.9 52.0 51.1 50.2 49.4 48.6 47.7 46.7 45.6 44.6 43.9 43.5 43.7 44.3 45.4 46.8 48.6 50.4 52.2 53.7 54.7 55.4 55.3 55.0 54.4 53.8 53.4 53.3 53.4 53.6 53.5 53.3 52.6 51.7 50.2 48.4 45.4 41.9 36.4 29.9 21.0 11.1 
14.4 26.9 37.7 44.5 49.4 51.1 51.8 51.3 50.8 50.5 50.5 51.1 52.0 53.1 54.1 54.8 55.3 55.1 54.8 54.0 53.1 51.8 50.6 49.4 48.4 47.8 47.4 47.4 47.5 47.7 47.8 47.7 47.5 47.2 46.7 46.2 45.7 45.3 45.0 44.9 44.7 44.6 44.4 44.3 44.1 44.2 44.1 44.6 45.2 46.4 47.8 49.4 51.1 52.3 53.3 53.6 53.6 53.1 52.5 51.6 50.7 49.8 49.0 48.1 47.2 46.3 45.3 44.4 43.7 43.4 43.5 44.2 45.1 46.6 48.3 50.2 51.9 53.3 54.4 54.8 54.9 54.4 53.9 53.3 52.9 52.8 53.0 53.1 53.3 53.0 52.4 51.2 49.8 47.6 44.9 40.9 36.0 28.9 20.7 10.6 
14.2 27.5 37.4 45.3 49.3 51.7 51.9 51.5 51.0 50.6 50.9 51.6 52.7 54.0 55.0 55.9 56.1 56.1 55.3 54.3 52.7 51.1 49.4 47.9 46.8 45.9 45.7 45.6 45.9 46.0 46.3 46.3 46.2 46.0 45.7 45.4 45.0 44.7 44.5 44.2 44.0 43.8 43.7 43.4 43.5 43.4 43.7 43.9 44.6 45.4 46.7 48.1 49.5 50.9 51.8 52.5 52.5 52.4 51.8 51.1 50.3 49.4 48.6 47.7 46.8 45.9 45.1 44.2 43.7 43.3 43.5 44.0 45.1 46.4 48.2 49.9 51.6 53.0 53.9 54.4 54.3 53.9 53.2 52.6 52.3 52.2 52.4 52.7 52.7 52.6 51.8 50.7 48.9 46.8 43.7 40.1 34.7 28.4 19.9 10.5 
14.6 27.2 38.1 45.0 49.9 51.5 52.1 51.6 51.0 50.8 51.0 51.8 53.0 54.2 55.5 56.2 56.7 56.1 55.5 53.9 52.2 50.2 48.2 46.6 45.1 44.5 44.1 44.3 44.5 44.9 45.1 45.3 45.2 45.2 45.0 44.8 44.5 44.3 44.0 43.8 43.5 43.4 43.1 43.2 43.1 43.4 43.5 43.9 44.1 44.9 45.7 46.8 48.0 49.2 50.3 50.9 51.3 51.2 51.0 50.5 49.8 49.0 48.2 47.4 46.5 45.7 44.9 44.2 43.7 43.5 43.5 44.1 45.0 46.4 48.0 49.8 51.4 52.7 53.7 54.0 53.9 53.4 52.7 52.2 51.7 51.7 51.8 52.1 52.2 51.9 51.2 49.8 48.1 45.7 42.8 38.8 34.0 27.3 19.5 10.0 
14.3 27.7 37.7 45.6 49.5 51.8 51.9 51.5 50.9 50.6 51.0 51.8 52.9 54.2 55.2 56.1 56.1 55.9 54.7 53.3 51.3 49.1 47.1 45.2 44.1 43.2 43.2 43.2 43.8 44.1 44.5 44.7 44.8 44.7 44.6 44.4 44.3 44.1 43.9 43.7 43.5 43.3 43.3 43.3 43.6 43.8 44.1 44.1 44.4 44.5 45.1 45.7 46.6 47.6 48.5 49.2 49.7 50.0 50.0 49.8 49.2 48.6 47.9 47.1 46.3 45.6 44.9 44.3 43.9 43.6 43.8 44.2 45.3 46.5 48.2 49.9 51.6 52.8 53.6 53.9 53.7 53.1 52.5 51.8 51.6 51.4 51.6 51.8 51.7 51.3 50.4 49.0 47.1 44.8 41.7 38.0 32.9 26.8 18.8  9.9 
14.5 27.1 38.1 44.8 49.7 51.2 51.8 51.3 50.8 50.6 50.8 51.6 52.6 53.7 54.7 55.1 55.3 54.7 53.8 52.2 50.3 48.2 46.1 44.5 43.1 42.7 42.5 43.0 43.5 44.1 44.4 44.8 44.8 44.8 44.6 44.5 44.3 44.2 44.0 43.9 43.7 43.8 43.8 44.2 44.5 44.9 45.1 45.1 44.9 44.9 44.7 45.0 45.4 46.1 46.7 47.4 48.0 48.5 48.8 48.8 48.6 48.1 47.6 46.9 46.3 45.7 45.0 44.6 44.1 44.0 44.0 44.7 45.5 47.0 48.6 50.4 52.0 53.2 54.0 54.1 53.9 53.3 52.6 52.1 51.6 51.6 51.6 51.7 51.5 50.8 49.8 48.3 46.3 43.9 41.0 37.1 32.4 26.1 18.6  9.6 
14.1 27.3 37.0 44.8 48.7 51.1 51.3 51.1 50.7 50.5 50.9 51.4 52.3 53.1 53.7 54.1 54.0 53.5 52.5 51.2 49.4 47.4 45.6 43.9 43.0 42.4 42.7 43.1 43.9 44.5 45.0 45.2 45.3 45.2 45.0 44.8 44.7 44.6 44.5 44.4 44.5 44.5 44.9 45.3 45.9 46.4 46.6 46.4 46.0 45.4 45.0 44.6 44.7 44.8 45.3 45.7 46.4 46.9 47.4 47.7 47.7 47.6 47.3 46.8 46.4 45.9 45.5 45.0 44.8 44.5 44.7 45.2 46.3 47.6 49.4 51.2 52.7 53.9 54.5 54.6 54.2 53.7 53.0 52.5 52.2 52.0 52.0 51.8 51.4 50.6 49.4 47.8 45.8 43.4 40.5 36.9 32.0 26.1 18.3  9.6 
14.1 26.3 36.9 43.5 48.3 50.1 51.0 50.9 50.6 50.7 50.9 51.4 52.0 52.5 52.8 52.9 52.8 52.3 51.5 50.3 48.7 47.1 45.3 44.1 43.1 43.0 43.1 43.8 44.6 45.3 45.8 46.0 46.1 45.9 45.6 45.4 45.2 45.2 45.1 45.2 45.3 45.7 46.2 46.8 47.5 48.0 48.2 47.9 47.3 46.5 45.5 44.9 44.2 44.1 44.0 44.4 44.8 45.5 46.1 46.6 46.9 47.0 47.0 46.9 46.7 46.5 46.2 45.9 45.6 45.5 45.5 46.1 47.1 48.6 50.4 52.1 53.7 54.6 55.2 55.0 54.7 54.1 53.5 53.1 52.8 52.7 52.5 52.2 51.6 50.6 49.2 47.5 45.6 43.3 40.5 36.9 32.4 26.1 18.7  9.6 
13.5 26.0 35.4 43.0 47.0 49.7 50.4 50.7 50.8 50.9 51.2 51.6 51.9 52.1 52.2 52.0 51.9 51.4 50.8 49.8 48.6 47.0 45.7 44.4 43.9 43.6 44.1 44.7 45.5 46.2 46.6 46.9 46.8 46.7 46.3 46.1 45.9 45.8 45.8 46.0 46.3 46.8 47.5 48.3 48.9 49.6 49.5 49.3 48.5 47.5 46.4 45.3 44.5 43.7 43.6 43.4 43.9 44.3 45.0 45.6 46.1 46.5 46.8 47.0 47.2 47.3 47.2 47.0 46.8 46.5 46.7 47.1 48.1 49.5 51.3 53.0 54.3 55.4 55.6 55.5 55.0 54.5 54.0 53.6 53.4 53.3 53.0 52.6 51.8 50.7 49.3 47.6 45.8 43.7 41.0 37.7 32.9 27.0 19.0 10.0 
13.3 24.9 34.9 41.5 46.4 48.7 50.1 50.7 51.0 51.4 51.7 52.0 52.1 52.0 51.8 51.7 51.4 51.1 50.6 49.9 48.8 47.6 46.3 45.4 44.7 44.7 45.0 45.7 46.4 46.9 47.5 47.5 47.5 47.2 46.9 46.6 46.4 46.3 46.4 46.7 47.1 47.7 48.5 49.2 50.1 50.4 50.7 50.1 49.5 48.3 47.2 46.0 44.8 44.0 43.3 43.2 43.2 43.7 44.2 44.9 45.5 46.1 46.7 47.3 47.8 48.1 48.3 48.2 48.0 47.8 47.8 48.2 49.0 50.4 52.1 53.6 55.0 55.6 55.9 55.6 55.2 54.6 54.3 54.0 53.9 53.7 53.5 52.8 52.0 50.9 49.5 48.0 46.4 44.4 42.0 38.6 34.2 27.7 20.0 10.3 
12.7 24.6 33.7 41.0 45.3 48.3 49.7 50.7 51.4 51.9 52.3 52.5 52.5 52.2 51.9 51.5 51.4 51.2 50.9 50.4 49.5 48.5 47.4 46.4 46.0 45.8 46.1 46.6 47.0 47.6 47.7 47.9 47.7 47.6 47.2 46.9 46.7 46.7 46.7 47.0 47.5 48.2 48.9 49.8 50.3 50.9 50.8 50.6 49.8 49.0 47.8 46.6 45.4 44.4 43.7 43.1 43.1 43.3 43.8 44.4 45.1 45.9 46.7 47.6 48.4 49.0 49.3 49.5 49.3 49.1 49.0 49.2 49.9 51.1 52.5 54.0 54.9 55.7 55.7 55.5 55.1 54.6 54.4 54.2 54.1 54.0 53.5 53.0 52.1 51.1 49.8 48.6 47.1 45.5 43.1 40.1 35.2 29.1 20.6 10.9 
12.6 23.7 33.4 40.0 44.9 47.7 49.6 50.8 51.8 52.4 53.0 53.1 52.9 52.5 52.1 51.8 51.7 51.6 51.5 51.1 50.5 49.5 48.5 47.7 47.1 47.0 47.0 47.2 47.5 47.6 47.8 47.7 47.6 47.4 47.2 46.9 46.8 46.7 46.8 47.0 47.5 48.0 48.8 49.5 50.2 50.4 50.6 50.2 49.8 49.0 48.2 47.0 45.9 44.9 43.9 43.4 43.1 43.2 43.5 44.1 44.8 45.8 46.8 47.9 48.9 49.7 50.3 50.4 50.4 50.1 49.9 50.0 50.5 51.4 52.6 53.7 54.8 55.3 55.5 55.2 54.9 54.6 54.4 54.3 54.2 54.0 53.6 52.9 52.1 51.1 50.2 49.1 47.9 46.4 44.5 41.1 36.8 29.9 21.7 11.2 
12.3 23.8 32.6 39.9 44.3 47.5 49.4 50.9 52.0 52.9 53.4 53.6 53.3 52.9 52.4 52.1 52.1 52.2 52.2 52.0 51.4 50.6 49.7 48.9 48.3 47.9 47.8 47.7 47.5 47.4 47.3 47.2 47.1 47.0 46.8 46.7 46.6 46.5 46.5 46.6 47.0 47.5 48.1 48.8 49.2 49.6 49.7 49.6 49.3 48.9 48.1 47.3 46.2 45.2 44.2 43.5 43.2 43.1 43.4 43.9 44.7 45.7 46.9 48.2 49.3 50.3 50.8 51.1 51.0 50.8 50.5 50.5 50.8 51.4 52.4 53.4 54.2 54.8 55.0 54.9 54.8 54.6 54.5 54.4 54.3 54.0 53.4 52.8 52.0 51.1 50.3 49.5 48.5 47.4 45.3 42.5 37.5 31.1 22.0 11.7 
12.4 23.4 32.9 39.4 44.4 47.3 49.5 50.9 52.2 53.0 53.7 53.7 53.5 53.0 52.6 52.4 52.5 52.6 52.8 52.6 52.2 51.4 50.6 49.8 49.2 48.7 48.4 47.9 47.5 47.1 46.7 46.5 46.4 46.4 46.4 46.4 46.3 46.2 46.0 46.1 46.2 46.6 47.0 47.5 48.1 48.4 48.7 48.7 48.7 48.5 48.0 47.3 46.4 45.4 44.4 43.6 43.1 43.1 43.2 43.9 44.7 45.8 47.1 48.4 49.6 50.5 51.2 51.3 51.3 51.0 50.7 50.6 50.7 51.2 52.0 52.8 53.7 54.2 54.5 54.7 54.7 54.7 54.7 54.6 54.4 53.9 53.3 52.6 51.8 51.1 50.4 49.7 49.1 47.9 46.3 43.0 38.6 31.4 22.8 11.7 
12.3 23.7 32.6 39.8 44.2 47.5 49.4 51.0 52.1 53.1 53.5 53.8 53.4 53.0 52.6 52.5 52.6 52.9 53.0 53.1 52.5 52.0 51.2 50.5 49.8 49.3 48.7 48.1 47.5 46.8 46.4 46.0 46.0 46.0 46.1 46.1 46.1 45.8 45.6 45.4 45.4 45.5 45.9 46.3 46.8 47.2 47.6 47.9 48.1 48.1 47.9 47.4 46.6 45.6 44.6 43.6 43.2 42.9 43.2 43.8 44.8 45.9 47.2 48.6 49.7 50.6 51.0 51.2 51.0 50.8 50.5 50.3 50.4 50.8 51.5 52.3 53.0 53.7 54.2 54.5 54.7 54.9 54.8 54.7 54.3 53.9 53.2 52.4 51.7 50.9 50.4 49.9 49.3 48.5 46.7 44.0 38.8 32.3 22.8 12.1 
12.6 23.6 33.1 39.6 44.5 47.3 49.4 50.8 52.0 52.7 53.3 53.3 53.1 52.7 52.4 52.4 52.6 52.9 53.1 53.0 52.7 52.0 51.4 50.7 50.2 49.7 49.1 48.4 47.6 46.9 46.2 46.1 45.9 46.1 46.2 46.3 46.1 45.8 45.3 44.9 44.6 44.7 44.8 45.3 45.7 46.3 46.8 47.3 47.6 47.9 47.9 47.6 46.9 46.0 44.9 44.0 43.3 43.2 43.2 44.0 44.8 46.1 47.4 48.6 49.7 50.3 50.6 50.5 50.4 50.1 49.9 49.8 49.9 50.3 50.9 51.7 52.5 53.3 53.9 54.4 54.7 54.9 54.9 54.7 54.3 53.7 53.0 52.3 51.5 51.0 50.5 50.2 49.8 48.9 47.4 44.1 39.6 32.2 23.3 12.0 
12.4 24.1 32.9 40.1 44.3 47.4 49.1 50.5 51.4 52.2 52.5 52.7 52.5 52.3 52.1 52.1 52.3 52.6 52.7 52.7 52.3 51.8 51.2 50.7 50.2 49.8 49.3 48.7 48.0 47.2 46.8 46.4 46.5 46.6 46.8 46.7 46.5 45.9 45.3 44.6 44.3 44.0 44.3 44.5 45.1 45.6 46.3 46.9 47.5 48.0 48.2 48.1 47.6 46.7 45.8 44.7 44.1 43.5 43.8 44.2 45.2 46.3 47.5 48.7 49.4 49.9 49.8 49.7 49.4 49.1 48.9 48.9 49.1 49.6 50.4 51.2 52.1 53.0 53.7 54.2 54.5 54.8 54.6 54.5 53.9 53.4 52.7 52.1 51.6 51.1 50.8 50.6 50.2 49.5 47.7 44.9 39.6 32.8 23.1 12.2 
12.7 23.7 33.3 39.6 44.5 46.9 48.8 49.8 50.7 51.2 51.7 51.8 51.8 51.6 51.6 51.7 51.9 52.2 52.3 52.1 51.8 51.2 50.7 50.3 50.0 49.7 49.5 49.0 48.5 48.0 47.6 47.5 47.4 47.6 47.6 47.5 47.1 46.4 45.6 44.9 44.2 44.1 44.0 44.5 44.9 45.6 46.2 47.0 47.6 48.3 48.8 48.9 48.7 48.0 47.0 46.1 45.1 44.7 44.5 44.9 45.5 46.6 47.6 48.4 49.0 49.1 48.9 48.5 48.1 47.8 47.7 47.9 48.2 48.9 49.8 50.8 51.8 52.6 53.4 53.8 54.2 54.1 54.1 53.7 53.3 52.8 52.3 51.9 51.6 51.4 51.2 51.1 50.9 50.0 48.5 45.0 40.3 32.6 23.5 12.1 
12.4 23.9 32.6 39.7 43.7 46.7 48.0 49.1 49.7 50.2 50.5 50.7 50.8 50.8 51.0 51.2 51.5 51.7 51.7 51.5 51.0 50.5 50.1 49.8 49.6 49.6 49.5 49.3 49.0 48.8 48.6 48.5 48.5 48.7 48.6 48.4 47.8 47.1 46.2 45.4 44.9 44.5 44.7 44.8 45.4 45.9 46.6 47.3 48.2 49.0 49.7 50.1 50.2 49.8 49.0 48.0 47.1 46.2 45.8 45.7 46.2 46.8 47.6 48.2 48.4 48.3 47.8 47.3 46.8 46.5 46.5 46.8 47.4 48.2 49.2 50.3 51.3 52.2 52.8 53.3 53.3 53.3 52.9 52.6 52.3 52.0 51.7 51.6 51.6 51.7 51.7 51.8 51.4 50.8 48.8 45.8 40.2 33.2 23.3 12.3 
12.4 23.2 32.6 38.7 43.4 45.7 47.3 48.1 48.6 48.9 49.3 49.5 49.7 50.0 50.3 50.7 51.0 51.2 51.1 50.8 50.3 49.8 49.4 49.2 49.2 49.3 49.4 49.5 49.5 49.4 49.4 49.4 49.5 49.5 49.5 49.1 48.6 47.8 47.0 46.3 45.8 45.7 45.6 46.0 46.3 46.8 47.3 48.2 49.0 49.9 50.9 51.6 52.0 51.8 51.4 50.4 49.3 48.3 47.3 47.0 46.9 47.3 47.7 47.9 47.8 47.4 46.8 46.2 45.6 45.4 45.4 45.9 46.5 47.5 48.6 49.7 50.7 51.5 52.1 52.2 52.2 51.9 51.5 51.2 51.0 50.9 51.0 51.2 51.5 51.8 52.2 52.2 52.1 51.1 49.5 45.8 40.8 32.9 23.7 12.1 
11.9 23.0 31.5 38.4 42.3 45.1 46.4 47.2 47.5 47.8 48.0 48.3 48.7 49.1 49.6 50.2 50.5 50.7 50.6 50.2 49.7 49.2 48.9 48.7 48.9 49.1 49.3 49.6 49.6 49.8 49.8 49.9 49.9 50.0 49.8 49.6 49.0 48.4 47.8 47.3 47.1 47.0 47.1 47.3 47.7 48.0 48.6 49.2 50.1 51.1 52.1 53.2 53.8 54.1 53.7 53.0 51.8 50.5 49.3 48.4 48.0 47.8 47.9 47.8 47.5 46.9 46.2 45.3 44.9 44.5 44.8 45.2 46.0 46.9 48.0 49.1 50.0 50.7 51.0 51.1 50.8 50.4 49.9 49.6 49.6 49.8 50.2 50.8 51.4 51.9 52.3 52.6 52.3 51.6 49.4 46.2 40.5 33.3 23.3 12.3 
11.8 22.1 31.2 37.3 41.9 44.2 45.7 46.3 46.6 46.8 46.9 47.3 47.7 48.3 49.0 49.6 50.1 50.2 50.1 49.7 49.2 48.8 48.5 48.6 48.7 49.1 49.3 49.5 49.7 49.7 49.8 49.8 50.0 49.9 49.8 49.5 49.2 48.8 48.5 48.4 48.4 48.5 48.8 49.0 49.2 49.5 49.9 50.5 51.3 52.3 53.5 54.6 55.6 56.0 56.2 55.3 54.3 52.7 51.2 50.0 49.1 48.7 48.3 48.1 47.5 46.8 45.9 45.2 44.5 44.5 44.5 45.1 45.7 46.6 47.5 48.4 49.2 49.7 49.9 49.8 49.4 48.9 48.4 48.3 48.3 48.8 49.5 50.3 51.1 51.8 52.3 52.5 52.4 51.2 49.5 45.6 40.6 32.7 23.5 12.0 
11.4 22.0 30.3 37.0 41.1 43.9 45.2 45.8 46.0 46.0 46.1 46.3 46.8 47.5 48.3 49.0 49.5 49.7 49.6 49.3 48.9 48.6 48.6 48.7 49.0 49.3 49.5 49.6 49.6 49.5 49.5 49.5 49.4 49.4 49.3 49.2 49.0 49.0 49.0 49.3 49.6 50.0 50.3 50.6 50.7 50.9 51.2 51.7 52.5 53.5 54.6 55.9 56.9 57.9 57.8 57.5 56.2 54.7 52.9 51.4 50.3 49.5 49.1 48.6 48.1 47.2 46.5 45.5 45.2 44.8 45.0 45.3 45.9 46.5 47.2 47.8 48.3 48.7 48.7 48.5 48.1 47.5 47.2 47.0 47.5 48.0 48.9 49.9 50.7 51.5 52.0 52.2 51.8 51.0 48.6 45.4 39.7 32.7 22.9 12.1 
11.4 21.4 30.3 36.4 41.1 43.5 45.1 45.6 45.7 45.6 45.5 45.7 46.1 46.8 47.6 48.4 49.0 49.2 49.2 49.0 48.8 48.8 48.9 49.3 49.6 49.9 49.9 49.8 49.5 49.3 49.0 48.8 48.7 48.7 48.7 48.7 48.8 49.0 49.4 49.9 50.6 51.1 51.7 51.8 52.1 52.2 52.4 52.9 53.5 54.5 55.6 56.8 58.1 58.8 59.3 58.7 57.8 56.0 54.3 52.6 51.3 50.5 50.0 49.5 49.0 48.3 47.4 46.8 46.1 45.9 45.8 46.1 46.3 46.7 46.9 47.3 47.5 47.7 47.7 47.5 47.0 46.7 46.3 46.5 46.8 47.7 48.6 49.6 50.5 51.1 51.6 51.5 51.2 50.0 48.1 44.3 39.4 31.8 22.9 11.8 
11.2 21.6 29.9 36.7 40.8 43.8 45.0 45.6 45.5 45.3 45.2 45.1 45.6 46.1 47.0 47.8 48.4 48.7 48.9 48.8 49.0 49.2 49.7 50.1 50.6 50.8 50.6 50.2 49.7 49.0 48.6 48.2 48.1 48.0 48.1 48.2 48.5 48.9 49.5 50.3 51.1 51.9 52.4 52.8 52.9 53.1 53.3 53.7 54.3 55.2 56.2 57.4 58.4 59.4 59.6 59.5 58.3 56.9 55.0 53.4 52.1 51.3 50.8 50.6 50.1 49.6 48.9 48.2 47.7 47.3 47.2 47.1 47.0 46.9 46.9 46.8 46.9 46.9 46.9 46.7 46.4 46.1 46.1 46.2 46.8 47.5 48.5 49.4 50.1 50.7 50.9 50.9 50.2 49.2 46.9 43.7 38.3 31.6 22.2 11.7 
11.4 21.5 30.4 36.6 41.3 43.8 45.3 45.6 45.6 45.3 45.0 45.0 45.1 45.8 46.5 47.3 48.0 48.4 48.7 49.0 49.3 49.9 50.5 51.2 51.7 51.7 51.5 50.8 49.9 49.1 48.3 47.9 47.5 47.6 47.6 47.9 48.3 48.9 49.5 50.4 51.4 52.1 52.9 53.2 53.5 53.6 53.9 54.2 54.8 55.6 56.5 57.4 58.5 59.1 59.6 59.2 58.4 56.8 55.2 53.6 52.5 51.8 51.6 51.4 51.3 50.9 50.5 49.9 49.4 49.0 48.6 48.3 47.9 47.4 46.9 46.6 46.3 46.2 46.2 46.1 46.0 46.0 46.0 46.4 46.9 47.7 48.5 49.2 49.9 50.2 50.3 50.0 49.4 48.0 46.1 42.6 38.0 30.8 22.2 11.5 
11.3 22.0 30.3 37.2 41.3 44.2 45.4 45.9 45.7 45.4 45.1 44.8 45.1 45.5 46.3 47.0 47.7 48.3 48.8 49.2 49.9 50.6 51.5 52.3 52.7 52.8 52.2 51.4 50.3 49.2 48.4 47.7 47.5 47.4 47.6 47.8 48.3 48.8 49.5 50.3 51.2 52.1 52.7 53.2 53.5 53.8 54.0 54.5 55.0 55.7 56.5 57.3 58.0 58.7 58.7 58.6 57.5 56.4 54.7 53.4 52.4 51.9 51.8 52.1 52.1 52.2 51.8 51.5 51.0 50.6 50.0 49.5 48.7 47.8 47.0 46.3 45.9 45.7 45.7 45.8 45.9 46.1 46.3 46.6 47.2 47.8 48.5 49.1 49.5 49.7 49.6 49.2 48.5 47.3 45.2 42.2 37.2 30.8 21.8 11.6 
11.6 21.9 30.9 37.1 41.9 44.2 45.7 46.0 46.0 45.7 45.2 45.1 45.1 45.6 46.2 47.1 47.8 48.5 49.0 49.7 50.5 51.4 52.4 53.1 53.6 53.4 53.0 51.9 50.7 49.6 48.6 48.0 47.6 47.6 47.7 48.0 48.3 48.8 49.3 50.0 50.8 51.5 52.3 52.8 53.2 53.6 54.0 54.5 55.1 55.7 56.3 56.9 57.4 57.7 57.8 57.2 56.5 55.2 53.9 52.6 51.8 51.6 51.8 52.2 52.7 52.8 53.0 52.7 52.5 51.9 51.3 50.4 49.4 48.3 47.1 46.3 45.6 45.5 45.4 45.7 46.0 46.3 46.6 47.0 47.4 47.9 48.5 48.9 49.2 49.2 49.0 48.6 47.9 46.6 44.8 41.7 37.4 30.6 22.2 11.5 
11.5 22.4 30.8 37.7 41.8 44.7 45.8 46.4 46.3 46.0 45.8 45.5 45.7 45.9 46.7 47.4 48.2 48.9 49.6 50.3 51.1 52.0 52.9 53.7 53.9 53.9 53.2 52.3 51.1 49.9 49.1 48.4 48.1 48.0 48.1 48.2 48.5 48.7 49.0 49.5 50.1 50.8 51.5 52.2 52.8 53.3 53.8 54.5 55.1 55.6 56.1 56.5 56.6 56.7 56.4 55.9 54.9 53.8 52.5 51.5 50.9 50.8 51.2 51.9 52.6 53.2 53.5 53.7 53.4 53.0 52.2 51.3 50.0 48.6 47.3 46.2 45.6 45.3 45.4 45.7 46.2 46.6 46.9 47.2 47.5 47.9 48.3 48.6 48.7 48.8 48.6 48.2 47.5 46.5 44.7 42.0 37.4 31.2 22.2 11.8 
11.8 22.2 31.3 37.6 42.3 44.7 46.3 46.7 46.8 46.6 46.4 46.3 46.3 46.8 47.3 48.2 48.9 49.6 50.2 50.9 51.6 52.4 53.2 53.7 54.1 53.8 53.3 52.3 51.3 50.3 49.5 48.9 48.6 48.4 48.5 48.5 48.6 48.6 48.7 49.0 49.4 50.0 50.7 51.5 52.2 52.9 53.6 54.4 55.0 55.5 55.8 55.9 55.9 55.5 55.1 54.3 53.3 52.1 51.0 50.2 49.7 49.8 50.3 51.2 52.2 53.0 53.7 54.0 54.1 53.6 53.0 51.7 50.4 48.9 47.4 46.4 45.6 45.4 45.5 45.9 46.4 46.8 47.1 47.3 47.5 47.7 47.9 48.1 48.3 48.3 48.3 48.0 47.6 46.7 45.2 42.4 38.3 31.5 23.1 12.0 
11.7 22.7 31.2 38.2 42.4 45.4 46.7 47.4 47.5 47.4 47.3 47.1 47.3 47.7 48.4 49.1 49.8 50.5 51.0 51.5 52.0 52.6 53.2 53.7 53.8 53.7 53.1 52.3 51.4 50.6 49.9 49.3 49.0 48.8 48.7 48.7 48.5 48.4 48.3 48.3 48.7 49.2 49.9 50.8 51.7 52.6 53.4 54.3 54.9 55.4 55.5 55.5 55.1 54.5 53.7 52.8 51.7 50.5 49.5 48.6 48.4 48.6 49.3 50.3 51.5 52.7 53.5 54.2 54.2 54.1 53.2 52.2 50.7 49.1 47.7 46.5 45.9 45.6 45.8 46.2 46.7 47.1 47.3 47.4 47.4 47.4 47.5 47.7 47.9 48.0 48.2 48.2 47.9 47.3 45.9 43.5 39.0 32.8 23.4 12.6 
12.0 22.6 31.9 38.4 43.3 45.9 47.6 48.2 48.4 48.4 48.3 48.2 48.4 48.8 49.4 50.1 50.8 51.3 51.7 52.0 52.3 52.7 53.1 53.4 53.6 53.4 52.9 52.2 51.5 50.7 50.0 49.5 49.2 48.9 48.8 48.6 48.4 48.1 47.8 47.7 47.9 48.4 49.2 50.1 51.2 52.2 53.3 54.1 54.8 55.1 55.3 54.9 54.4 53.6 52.6 51.4 50.2 49.0 47.9 47.3 47.0 47.5 48.2 49.5 50.8 52.2 53.3 54.0 54.4 54.1 53.5 52.3 50.9 49.5 48.0 47.0 46.2 46.0 46.1 46.6 47.0 47.4 47.5 47.5 47.3 47.3 47.2 47.4 47.6 48.0 48.3 48.6 48.6 48.1 47.1 44.4 40.5 33.4 24.6 12.7 
12.0 23.3 32.1 39.4 43.8 47.0 48.5 49.3 49.5 49.5 49.3 49.3 49.5 49.9 50.4 51.2 51.7 52.1 52.2 52.4 52.5 52.7 53.0 53.3 53.4 53.2 52.8 52.2 51.4 50.7 50.0 49.4 49.0 48.8 48.5 48.4 48.0 47.7 47.3 47.1 47.2 47.6 48.5 49.5 50.7 51.9 53.0 54.0 54.5 54.9 54.8 54.5 53.7 52.7 51.5 50.2 48.9 47.6 46.7 46.0 46.0 46.4 47.5 48.8 50.3 51.8 53.0 53.9 54.2 54.2 53.5 52.5 51.2 49.8 48.6 47.4 46.8 46.5 46.7 47.1 47.5 47.8 47.9 47.8 47.6 47.3 47.4 47.3 47.8 48.2 48.7 49.2 49.4 49.3 48.0 46.0 41.3 34.9 24.9 13.4 
12.4 23.4 33.1 39.9 45.1 47.9 49.8 50.4 50.7 50.5 50.4 50.3 50.4 50.7 51.3 51.8 52.3 52.5 52.6 52.6 52.6 52.8 53.0 53.3 53.4 53.2 52.8 52.1 51.3 50.5 49.7 49.0 48.6 48.3 48.1 47.9 47.6 47.2 46.8 46.5 46.5 47.0 47.7 48.9 50.1 51.4 52.7 53.6 54.3 54.5 54.4 53.8 52.9 51.8 50.5 49.1 47.7 46.5 45.5 45.1 45.1 45.9 46.9 48.5 50.1 51.7 53.0 53.8 54.3 54.1 53.6 52.7 51.6 50.3 49.1 48.2 47.4 47.3 47.3 47.7 48.1 48.4 48.6 48.5 48.2 48.1 47.8 48.1 48.3 48.9 49.4 50.0 50.4 50.1 49.4 46.7 42.7 35.2 25.9 13.4 
12.5 24.2 33.4 41.2 45.9 49.3 50.8 51.7 51.7 51.6 51.3 51.1 51.1 51.3 51.7 52.2 52.5 52.7 52.7 52.6 52.7 52.8 53.1 53.4 53.6 53.5 52.9 52.2 51.1 50.1 49.1 48.3 47.8 47.5 47.4 47.3 47.0 46.7 46.2 45.9 45.9 46.2 47.1 48.1 49.5 50.9 52.1 53.2 53.8 54.0 53.7 53.1 52.0 50.8 49.4 48.0 46.7 45.5 44.8 44.4 44.8 45.4 46.9 48.4 50.2 51.8 53.0 54.0 54.3 54.2 53.7 53.0 52.0 50.9 49.9 48.9 48.3 48.0 48.1 48.4 48.9 49.3 49.5 49.5 49.4 49.2 49.2 49.1 49.5 49.9 50.5 51.0 51.2 51.2 49.9 47.9 42.9 36.3 25.8 13.9 
12.9 24.3 34.5 41.6 47.2 50.1 52.0 52.6 52.7 52.4 52.0 51.7 51.5 51.6 51.8 52.0 52.4 52.4 52.5 52.5 52.6 52.9 53.3 53.7 53.9 53.7 53.1 52.1 50.9 49.6 48.4 47.5 46.8 46.6 46.6 46.5 46.4 46.1 45.7 45.4 45.2 45.6 46.2 47.4 48.7 50.1 51.5 52.5 53.3 53.3 53.0 52.1 51.1 49.7 48.3 47.0 45.7 44.8 44.1 44.2 44.5 45.6 47.0 48.7 50.5 52.1 53.4 54.1 54.5 54.3 53.9 53.2 52.4 51.5 50.5 49.7 49.0 48.8 48.9 49.3 49.9 50.4 50.8 51.0 51.0 51.0 50.9 51.0 51.1 51.4 51.7 51.9 52.1 51.6 50.7 47.7 43.6 35.8 26.3 13.6 
12.8 25.0 34.5 42.6 47.5 51.1 52.6 53.5 53.4 53.2 52.6 52.1 51.8 51.6 51.6 51.7 51.8 52.0 52.1 52.3 52.6 53.0 53.6 54.0 54.1 54.0 53.2 52.1 50.6 49.1 47.7 46.5 45.9 45.6 45.7 45.8 45.7 45.5 45.2 44.8 44.7 44.8 45.5 46.4 47.8 49.3 50.7 51.9 52.5 52.7 52.1 51.2 50.0 48.6 47.2 45.9 44.9 44.1 43.9 44.0 44.8 45.9 47.5 49.2 51.0 52.6 53.6 54.4 54.5 54.5 54.0 53.5 52.7 51.9 51.1 50.3 49.8 49.5 49.7 50.2 50.9 51.7 52.3 52.7 52.9 53.0 53.0 53.0 53.0 53.0 52.9 52.8 52.5 52.0 50.3 47.9 42.7 36.0 25.5 13.7 
13.1 24.7 35.1 42.4 48.2 51.2 53.4 53.9 54.1 53.7 53.1 52.5 51.9 51.5 51.3 51.2 51.2 51.4 51.6 52.0 52.5 53.2 53.8 54.1 54.4 53.9 53.2 51.9 50.4 48.6 47.0 45.8 44.9 44.8 44.8 45.0 45.1 44.9 44.7 44.3 44.0 44.1 44.5 45.6 46.9 48.4 50.0 51.1 51.9 51.8 51.3 50.2 48.9 47.5 46.1 45.0 44.1 43.7 43.6 44.2 45.0 46.4 48.0 49.8 51.5 52.9 54.0 54.4 54.7 54.4 54.1 53.5 52.9 52.2 51.5 50.8 50.3 50.2 50.5 51.1 52.0 52.8 53.7 54.3 54.8 55.0 55.2 55.0 54.8 54.4 54.0 53.4 52.8 51.6 50.1 46.8 42.3 34.6 25.3 13.1 
12.8 25.0 34.6 42.7 47.7 51.6 53.2 54.3 54.3 54.1 53.5 52.8 52.1 51.5 51.0 50.7 50.8 50.9 51.3 51.8 52.5 53.2 53.8 54.2 54.1 53.9 52.9 51.7 50.0 48.3 46.6 45.2 44.5 44.0 44.1 44.3 44.5 44.4 44.1 43.8 43.5 43.4 43.9 44.7 46.1 47.6 49.2 50.6 51.2 51.3 50.5 49.4 47.9 46.4 45.2 44.1 43.6 43.3 43.7 44.3 45.5 46.9 48.6 50.3 51.8 53.2 53.9 54.5 54.4 54.3 53.8 53.4 52.8 52.3 51.6 51.1 50.7 50.7 51.0 51.8 52.7 53.9 54.8 55.8 56.3 56.8 56.7 56.7 56.1 55.6 54.6 53.7 52.5 51.2 48.9 46.0 40.7 33.9 24.0 12.8 
12.9 24.3 34.6 41.8 47.6 50.9 53.2 54.1 54.5 54.2 53.8 53.0 52.2 51.5 50.8 50.5 50.4 50.7 51.1 51.8 52.6 53.2 53.8 53.9 53.9 53.3 52.5 51.2 49.7 48.0 46.3 45.0 44.0 43.7 43.6 43.8 44.0 43.9 43.7 43.4 43.0 43.0 43.2 44.2 45.4 47.1 48.7 50.0 50.8 50.7 50.0 48.7 47.1 45.7 44.3 43.6 43.1 43.2 43.7 44.7 45.9 47.4 49.0 50.6 52.1 53.1 53.8 54.0 54.0 53.7 53.4 53.0 52.6 52.1 51.6 51.1 50.9 50.9 51.3 52.1 53.2 54.3 55.5 56.4 57.3 57.6 58.0 57.6 57.1 56.0 54.9 53.5 52.1 50.3 48.0 44.4 39.7 32.3 23.3 12.0 
12.5 24.2 33.6 41.5 46.6 50.5 52.5 53.8 54.2 54.3 53.8 53.2 52.3 51.5 50.9 50.4 50.4 50.6 51.2 51.9 52.6 53.2 53.4 53.5 53.1 52.6 51.6 50.6 49.2 47.8 46.3 44.9 44.0 43.4 43.4 43.5 43.6 43.6 43.4 43.0 42.7 42.5 43.0 43.7 45.2 46.8 48.5 49.9 50.5 50.5 49.6 48.2 46.6 45.0 44.0 43.1 43.0 43.1 43.9 44.9 46.3 47.8 49.3 50.8 51.9 52.9 53.2 53.4 53.2 53.0 52.7 52.4 52.1 51.8 51.3 51.0 50.7 50.8 51.2 52.0 53.0 54.3 55.4 56.6 57.3 58.0 58.0 58.0 57.2 56.2 54.8 53.2 51.5 49.5 46.9 43.4 38.1 31.4 22.2 11.7 
12.4 23.5 33.4 40.5 46.1 49.5 52.0 53.2 53.9 53.9 53.7 53.1 52.4 51.6 50.9 50.6 50.5 50.9 51.4 52.0 52.6 52.9 53.0 52.6 52.2 51.5 50.7 49.7 48.7 47.4 46.1 45.0 44.0 43.5 43.3 43.3 43.4 43.4 43.2 42.9 42.6 42.6 42.8 43.8 45.1 46.9 48.6 49.9 50.6 50.3 49.5 48.0 46.3 44.9 43.6 43.1 42.9 43.3 44.1 45.3 46.6 48.1 49.6 50.8 51.8 52.3 52.6 52.4 52.2 52.0 51.8 51.6 51.4 51.2 50.9 50.6 50.4 50.4 50.7 51.4 52.4 53.5 54.8 55.8 56.9 57.3 57.8 57.4 56.9 55.8 54.5 52.9 51.1 48.9 46.2 42.3 37.4 30.2 21.7 11.2 
12.1 23.4 32.5 40.2 45.2 49.1 51.2 52.7 53.3 53.6 53.3 52.9 52.2 51.5 51.1 50.8 50.9 51.2 51.7 52.2 52.5 52.6 52.3 51.8 51.1 50.4 49.6 48.8 48.0 47.0 46.0 45.0 44.2 43.6 43.4 43.3 43.4 43.3 43.2 42.9 42.8 42.7 43.2 44.0 45.5 47.2 48.8 50.2 50.6 50.5 49.4 47.9 46.4 44.8 43.9 43.2 43.3 43.6 44.6 45.7 47.1 48.5 49.7 50.8 51.3 51.7 51.5 51.4 51.1 50.8 50.7 50.7 50.7 50.6 50.3 50.0 49.8 49.7 50.0 50.5 51.3 52.4 53.5 54.7 55.6 56.4 56.6 56.7 56.1 55.3 54.0 52.6 50.8 48.6 45.7 42.0 36.6 29.9 21.0 11.0 
12.1 22.9 32.6 39.5 45.1 48.5 50.9 52.2 52.9 53.0 52.9 52.4 51.9 51.4 51.1 51.0 51.1 51.4 51.9 52.2 52.4 52.1 51.7 51.0 50.2 49.5 48.7 48.1 47.4 46.6 45.8 45.0 44.2 43.8 43.5 43.5 43.5 43.5 43.3 43.2 43.0 43.2 43.6 44.7 46.0 47.6 49.2 50.3 50.8 50.4 49.4 48.0 46.5 45.2 44.2 43.8 43.7 44.3 45.1 46.3 47.6 48.8 49.9 50.5 50.9 50.8 50.5 50.1 49.8 49.6 49.6 49.8 49.9 49.9 49.7 49.4 49.1 49.0 49.0 49.5 50.1 51.1 52.1 53.2 54.2 54.8 55.3 55.4 55.2 54.5 53.6 52.3 50.8 48.6 45.8 41.7 36.6 29.4 21.0 10.8 
11.9 23.1 32.1 39.7 44.7 48.5 50.6 52.0 52.5 52.6 52.3 51.9 51.5 51.1 51.0 51.0 51.2 51.6 51.8 52.1 52.0 51.7 51.1 50.4 49.6 48.8 48.3 47.6 47.1 46.4 45.8 45.0 44.5 44.1 44.0 43.9 44.0 43.9 43.8 43.7 43.7 43.8 44.4 45.3 46.7 48.2 49.5 50.5 50.7 50.4 49.4 48.1 46.8 45.7 45.0 44.5 44.7 45.1 46.0 47.0 48.2 49.2 49.9 50.3 50.1 49.8 49.2 48.7 48.4 48.4 48.6 48.8 49.1 49.2 49.1 48.9 48.6 48.3 48.4 48.6 49.2 49.9 50.9 51.8 52.7 53.4 53.8 54.1 54.0 53.8 53.1 52.2 50.7 48.8 45.8 42.0 36.4 29.7 20.8 10.9 
12.0 22.8 32.4 39.3 45.0 48.3 50.7 51.8 52.3 52.1 51.8 51.3 50.9 50.7 50.7 50.9 51.2 51.4 51.7 51.7 51.7 51.2 50.7 50.0 49.3 48.8 48.2 47.7 47.2 46.6 45.9 45.4 44.9 44.7 44.5 44.6 44.6 44.6 44.5 44.4 44.4 44.7 45.1 46.1 47.3 48.5 49.7 50.4 50.6 50.1 49.3 48.3 47.2 46.4 45.7 45.6 45.7 46.2 47.0 47.9 48.9 49.5 49.9 49.7 49.3 48.6 47.8 47.2 46.9 47.1 47.4 47.9 48.4 48.7 48.7 48.6 48.3 48.2 48.0 48.3 48.6 49.3 49.9 50.8 51.4 52.0 52.5 52.8 52.9 52.8 52.6 51.8 50.8 48.7 46.2 42.0 36.9 29.6 21.1 10.8 
11.9 23.1 32.1 39.7 44.7 48.6 50.5 51.7 51.9 51.7 51.2 50.7 50.4 50.2 50.3 50.6 50.8 51.1 51.2 51.3 51.1 50.8 50.4 49.9 49.5 49.0 48.7 48.2 47.8 47.2 46.6 46.0 45.7 45.4 45.4 45.4 45.5 45.5 45.5 45.3 45.3 45.4 46.0 46.8 47.8 48.9 49.7 50.3 50.3 49.9 49.2 48.4 47.7 47.1 46.8 46.7 47.0 47.4 48.1 48.8 49.4 49.8 49.6 49.1 48.2 47.2 46.3 45.6 45.5 45.7 46.4 47.1 47.8 48.3 48.5 48.5 48.5 48.3 48.3 48.3 48.6 48.9 49.5 50.0 50.5 50.9 51.3 51.5 51.7 51.8 51.7 51.4 50.3 48.8 46.0 42.4 36.8 30.0 21.0 11.0 
12.0 22.8 32.4 39.3 45.0 48.2 50.5 51.3 51.5 51.0 50.5 50.0 49.7 49.7 49.8 50.0 50.3 50.4 50.6 50.5 50.5 50.3 50.1 49.9 49.7 49.5 49.4 49.1 48.7 48.2 47.6 47.1 46.6 46.4 46.4 46.5 46.6 46.6 46.5 46.3 46.2 46.4 46.7 47.5 48.3 49.1 49.8 50.1 50.0 49.7 49.2 48.7 48.2 47.9 47.8 47.9 48.1 48.6 49.1 49.5 49.9 49.7 49.2 48.2 47.0 45.8 44.6 44.2 44.0 44.6 45.4 46.5 47.4 48.2 48.7 49.0 49.0 48.9 48.8 48.9 48.9 49.1 49.4 49.7 49.9 50.1 50.2 50.4 50.5 50.6 50.7 50.4 49.8 48.2 46.1 42.1 37.2 29.8 21.4 11.0 
11.8 23.0 32.0 39.6 44.5 48.2 49.9 50.9 50.7 50.3 49.7 49.2 49.0 49.0 49.1 49.3 49.5 49.6 49.7 49.8 49.8 49.8 49.9 49.9 50.0 50.1 50.0 50.0 49.6 49.2 48.7 48.1 47.7 47.5 47.5 47.7 47.8 47.8 47.6 47.4 47.2 47.2 47.6 48.1 48.8 49.5 49.9 50.1 50.0 49.6 49.3 48.9 48.8 48.7 48.8 48.9 49.2 49.6 49.9 50.2 50.0 49.5 48.5 47.3 45.8 44.4 43.5 42.8 43.1 43.6 44.8 46.0 47.3 48.4 49.2 49.7 49.9 49.9 49.7 49.5 49.4 49.4 49.5 49.5 49.6 49.5 49.5 49.4 49.4 49.5 49.5 49.5 48.8 47.8 45.4 42.2 36.8 30.2 21.1 11.1 
12.0 22.7 32.2 39.0 44.5 47.4 49.4 49.9 49.9 49.3 48.7 48.3 48.1 48.2 48.3 48.5 48.6 48.7 48.8 48.9 49.1 49.3 49.5 49.8 50.1 50.3 50.5 50.5 50.4 50.0 49.6 49.1 48.8 48.6 48.6 48.7 48.9 48.8 48.7 48.3 48.1 48.1 48.3 48.9 49.5 50.0 50.4 50.4 50.2 50.0 49.7 49.5 49.4 49.5 49.6 49.8 50.2 50.4 50.6 50.4 50.1 49.1 47.9 46.4 44.8 43.5 42.4 42.2 42.2 43.2 44.4 46.0 47.4 48.8 49.9 50.6 50.9 50.8 50.6 50.3 50.0 49.7 49.6 49.5 49.4 49.2 48.8 48.6 48.4 48.3 48.3 48.2 47.9 46.7 45.0 41.4 36.8 29.7 21.3 11.0 
11.9 23.0 31.8 39.2 43.7 47.0 48.3 49.0 48.6 48.1 47.6 47.3 47.2 47.3 47.5 47.6 47.7 47.8 47.9 48.1 48.4 48.7 49.1 49.5 49.8 50.2 50.4 50.7 50.5 50.5 50.0 49.8 49.4 49.3 49.4 49.6 49.7 49.8 49.5 49.3 49.0 48.9 49.3 49.8 50.4 50.9 51.2 51.2 51.0 50.7 50.5 50.2 50.2 50.3 50.4 50.6 50.8 51.0 50.9 50.7 49.9 48.8 47.4 45.8 44.3 42.8 42.2 41.7 42.3 43.1 44.6 46.2 47.9 49.5 50.7 51.6 51.9 51.8 51.3 50.8 50.3 50.0 49.8 49.6 49.4 49.0 48.6 48.0 47.7 47.3 47.2 47.1 46.6 45.9 43.8 41.0 35.9 29.7 20.8 11.0 
12.1 22.8 32.2 38.7 43.6 46.1 47.6 47.7 47.4 46.9 46.4 46.3 46.2 46.4 46.6 46.7 46.8 46.9 47.1 47.4 47.8 48.2 48.6 48.9 49.3 49.6 49.9 50.1 50.3 50.2 50.1 49.8 49.7 49.6 49.8 50.0 50.4 50.4 50.3 50.0 49.8 49.9 50.2 50.8 51.5 52.1 52.4 52.4 52.1 51.8 51.4 51.2 51.1 51.0 51.1 51.2 51.3 51.3 51.2 50.6 49.8 48.5 47.1 45.5 44.0 42.9 42.1 42.2 42.5 43.7 45.0 46.8 48.6 50.2 51.7 52.4 52.8 52.4 51.9 51.1 50.5 50.2 49.9 49.8 49.6 49.2 48.6 47.9 47.1 46.6 46.2 45.9 45.5 44.5 43.0 39.8 35.5 28.8 20.8 10.7 
12.0 23.3 31.9 39.0 43.0 45.7 46.5 46.7 46.3 45.7 45.4 45.2 45.4 45.6 45.8 45.9 46.0 46.2 46.5 46.9 47.3 47.7 48.0 48.3 48.5 48.7 48.9 49.2 49.4 49.5 49.4 49.4 49.3 49.4 49.6 50.1 50.4 50.7 50.6 50.6 50.5 50.7 51.2 52.0 52.8 53.5 53.8 53.8 53.5 53.1 52.7 52.3 52.0 51.8 51.6 51.6 51.5 51.5 51.1 50.6 49.6 48.4 46.9 45.4 44.1 43.1 42.8 42.7 43.5 44.4 45.9 47.6 49.4 51.1 52.2 53.1 53.1 52.8 52.0 51.2 50.6 50.3 50.2 50.2 50.0 49.6 48.8 47.9 46.9 46.0 45.3 44.8 44.2 43.4 41.6 39.0 34.3 28.4 20.0 10.6 
12.3 23.2 32.5 38.7 43.2 45.1 45.9 45.8 45.3 44.9 44.5 44.7 44.7 45.0 45.2 45.3 45.4 45.7 46.1 46.6 47.0 47.3 47.5 47.6 47.6 47.7 47.8 48.1 48.3 48.5 48.5 48.5 48.6 48.7 49.1 49.5 50.1 50.4 50.7 50.8 51.0 51.5 52.1 53.0 54.0 54.7 55.2 55.1 54.9 54.3 53.8 53.2 52.7 52.3 52.0 51.7 51.6 51.4 51.1 50.4 49.5 48.2 46.8 45.5 44.3 43.7 43.4 43.7 44.4 45.5 46.9 48.5 50.2 51.6 52.9 53.3 53.4 52.7 51.9 51.1 50.6 50.4 50.5 50.6 50.5 50.0 49.2 48.0 46.7 45.5 44.5 43.8 43.0 42.0 40.6 37.7 33.8 27.5 19.9 10.3 
12.3 23.8 32.4 39.3 42.9 45.0 45.4 45.2 44.8 44.3 44.3 44.3 44.6 44.8 45.0 45.0 45.2 45.4 45.9 46.4 46.9 47.1 47.2 47.1 47.0 46.8 47.0 47.1 47.4 47.5 47.7 47.7 47.7 47.8 48.2 48.7 49.2 49.8 50.2 50.7 51.2 51.9 52.8 53.9 54.8 55.8 56.1 56.2 55.8 55.3 54.6 53.9 53.2 52.6 52.0 51.7 51.4 51.2 50.8 50.2 49.2 48.0 46.7 45.5 44.6 44.1 44.2 44.6 45.5 46.6 48.0 49.4 50.9 52.2 53.0 53.5 53.2 52.6 51.7 50.9 50.6 50.5 50.8 51.0 50.9 50.5 49.4 48.1 46.5 45.0 43.8 42.8 42.0 41.0 39.5 37.1 32.9 27.3 19.4 10.3 
12.7 23.7 33.1 39.1 43.3 44.8 45.4 45.1 44.7 44.5 44.4 44.7 44.9 45.1 45.1 45.2 45.2 45.6 46.0 46.5 46.9 47.2 47.1 47.0 46.7 46.7 46.5 46.7 46.8 47.1 47.0 47.1 46.9 47.0 47.1 47.6 48.1 48.8 49.5 50.2 51.1 52.0 53.2 54.3 55.5 56.2 56.7 56.6 56.4 55.6 55.0 54.1 53.3 52.5 51.8 51.4 51.1 50.9 50.6 49.9 49.0 47.8 46.6 45.6 44.8 44.7 44.9 45.6 46.5 47.7 49.0 50.3 51.6 52.6 53.3 53.4 53.0 52.3 51.4 50.7 50.4 50.5 50.9 51.2 51.3 50.6 49.6 48.0 46.3 44.7 43.2 42.2 41.2 40.4 39.0 36.5 32.9 27.0 19.6 10.2 
12.6 24.3 32.9 39.7 43.1 45.2 45.5 45.3 45.1 45.0 45.2 45.5 45.8 45.9 45.8 45.6 45.7 45.9 46.3 46.8 47.2 47.5 47.5 47.3 47.1 46.8 46.9 46.9 47.1 47.1 47.1 46.8 46.7 46.3 46.4 46.4 47.0 47.6 48.5 49.5 50.6 51.9 53.1 54.4 55.4 56.3 56.5 56.7 56.1 55.6 54.7 53.9 52.9 52.1 51.4 50.9 50.7 50.5 50.2 49.7 48.8 47.7 46.7 45.7 45.3 45.1 45.7 46.4 47.5 48.7 49.9 51.1 52.2 53.0 53.4 53.4 52.9 52.0 51.2 50.4 50.2 50.4 50.8 51.2 51.1 50.7 49.5 47.9 46.2 44.4 43.1 41.9 41.2 40.3 39.0 36.9 33.0 27.6 19.7 10.5 
12.9 24.0 33.5 39.4 43.6 45.2 45.8 45.8 45.7 45.9 46.2 46.6 46.9 46.9 46.8 46.5 46.3 46.5 46.8 47.3 47.7 47.9 48.0 47.9 47.8 47.7 47.7 47.8 47.8 47.8 47.6 47.3 46.7 46.3 45.8 45.8 46.0 46.7 47.5 48.7 50.0 51.4 52.8 54.0 55.2 55.8 56.2 55.9 55.6 54.9 54.1 53.1 52.2 51.4 50.7 50.4 50.2 50.2 50.0 49.6 48.8 47.9 46.9 46.3 45.8 46.1 46.5 47.5 48.5 49.7 50.8 51.9 52.8 53.4 53.8 53.6 53.0 52.1 51.0 50.4 49.9 50.1 50.5 50.8 50.9 50.3 49.4 47.9 46.2 44.7 43.3 42.5 41.6 41.0 39.8 37.5 34.0 28.0 20.5 10.6 
12.6 24.4 33.0 39.9 43.4 45.5 46.1 46.3 46.5 46.8 47.3 47.9 48.1 48.2 47.8 47.4 47.2 47.1 47.4 47.8 48.2 48.5 48.6 48.7 48.7 48.8 48.9 49.0 49.0 48.9 48.6 48.1 47.4 46.5 46.0 45.5 45.6 46.0 46.9 48.0 49.4 50.8 52.2 53.5 54.4 55.1 55.2 55.1 54.5 53.9 53.0 52.1 51.2 50.4 50.0 49.8 49.9 50.0 50.1 49.8 49.3 48.5 47.8 47.2 47.1 47.2 47.9 48.7 49.8 50.8 51.8 52.7 53.5 54.1 54.2 54.0 53.3 52.3 51.3 50.3 49.9 49.7 50.0 50.3 50.3 50.1 49.2 48.1 46.8 45.4 44.4 43.5 42.9 42.2 40.9 38.9 34.8 29.3 20.9 11.2 
12.8 23.8 33.4 39.3 43.6 45.4 46.4 46.7 47.1 47.6 48.3 48.9 49.3 49.1 48.8 48.3 47.9 47.8 47.9 48.2 48.6 48.8 49.2 49.3 49.6 49.8 50.0 50.1 50.3 50.1 49.8 49.1 48.3 47.4 46.4 45.9 45.5 45.9 46.5 47.6 48.8 50.1 51.5 52.6 53.5 54.0 54.2 53.9 53.4 52.6 51.7 50.8 50.0 49.5 49.2 49.3 49.7 50.2 50.5 50.5 50.2 49.8 49.2 48.9 48.7 49.1 49.5 50.3 51.1 52.1 52.9 53.7 54.4 54.8 55.0 54.7 54.0 53.0 51.7 50.7 49.8 49.5 49.5 49.8 50.0 49.9 49.4 48.6 47.6 46.7 45.8 45.2 44.6 43.9 42.7 40.1 36.5 30.0 22.0 11.4 
12.4 24.0 32.6 39.5 43.2 45.6 46.4 47.0 47.5 48.2 48.9 49.7 49.9 50.0 49.5 49.0 48.5 48.2 48.2 48.4 48.7 49.0 49.3 49.7 50.0 50.4 50.7 51.1 51.1 51.2 50.8 50.3 49.4 48.4 47.5 46.6 46.3 46.1 46.5 47.2 48.2 49.3 50.4 51.6 52.3 52.8 52.9 52.7 52.1 51.3 50.5 49.5 48.9 48.4 48.5 48.9 49.7 50.5 51.1 51.5 51.6 51.4 51.1 50.9 51.0 51.1 51.6 52.1 52.8 53.5 54.2 54.8 55.4 55.8 55.9 55.7 54.9 53.8 52.5 51.1 50.1 49.4 49.4 49.5 49.8 50.0 49.9 49.5 49.0 48.3 47.8 47.2 46.6 45.8 44.2 41.9 37.3 31.3 22.3 11.9 
12.5 23.4 32.8 38.8 43.2 45.3 46.5 47.1 47.8 48.5 49.3 49.9 50.4 50.3 50.0 49.4 48.9 48.5 48.4 48.5 48.6 48.9 49.2 49.6 50.0 50.5 51.0 51.3 51.7 51.7 51.7 51.2 50.6 49.7 48.7 47.9 47.1 46.7 46.6 46.9 47.5 48.3 49.3 50.2 51.0 51.5 51.7 51.5 51.0 50.3 49.3 48.6 47.8 47.8 47.9 48.8 49.8 51.0 52.0 52.7 53.2 53.2 53.3 53.2 53.2 53.4 53.7 54.0 54.5 55.0 55.5 56.0 56.5 56.9 57.1 56.8 56.1 54.9 53.4 51.8 50.4 49.7 49.3 49.5 49.9 50.3 50.6 50.6 50.4 50.1 49.7 49.2 48.7 47.5 46.1 42.9 38.7 31.6 23.1 11.9 
12.2 23.5 32.1 38.9 42.7 45.3 46.4 47.2 47.8 48.6 49.4 50.1 50.5 50.5 50.1 49.6 49.1 48.7 48.5 48.4 48.5 48.7 49.0 49.3 49.8 50.3 50.9 51.4 51.8 52.1 52.1 52.0 51.6 51.0 50.1 49.1 48.2 47.4 46.9 46.6 46.7 47.2 47.9 48.7 49.5 50.2 50.5 50.5 50.2 49.5 48.8 47.9 47.5 47.2 47.8 48.7 50.1 51.6 52.8 53.9 54.5 55.0 55.0 55.2 55.2 55.4 55.5 55.8 56.0 56.4 56.7 57.2 57.6 58.1 58.2 58.0 57.2 56.0 54.4 52.6 51.2 50.0 49.7 49.7 50.2 50.8 51.3 51.7 51.7 51.7 51.4 51.1 50.2 49.3 47.1 44.3 39.1 32.5 23.0 12.2 
12.3 23.0 32.3 38.4 42.9 45.0 46.4 47.2 47.8 48.6 49.4 50.1 50.6 50.6 50.3 49.8 49.2 48.8 48.5 48.5 48.4 48.6 48.8 49.2 49.6 50.2 50.7 51.3 51.8 52.2 52.6 52.6 52.6 52.1 51.5 50.4 49.3 48.1 47.0 46.3 45.8 46.0 46.4 47.3 48.1 49.0 49.6 49.9 49.8 49.3 48.6 48.0 47.3 47.5 47.8 49.0 50.4 52.0 53.6 54.7 55.7 56.0 56.4 56.4 56.6 56.6 56.8 56.9 57.2 57.4 57.8 58.1 58.7 59.0 59.3 58.9 58.3 56.9 55.3 53.5 51.8 50.6 50.0 50.0 50.5 51.1 51.9 52.3 52.7 52.7 52.7 52.2 51.6 50.1 48.3 44.6 39.9 32.4 23.5 12.1 
12.1 23.3 31.9 38.7 42.6 45.2 46.4 47.2 47.9 48.6 49.5 50.2 50.6 50.7 50.4 50.0 49.5 49.0 48.8 48.6 48.7 48.8 49.1 49.3 49.8 50.2 50.8 51.3 52.0 52.5 53.0 53.3 53.4 53.2 52.5 51.6 50.2 48.7 47.2 45.9 45.2 44.8 45.3 45.9 47.1 48.1 49.1 49.7 49.8 49.6 49.1 48.3 48.0 47.8 48.4 49.3 50.8 52.4 53.8 55.2 55.9 56.6 56.7 57.0 56.9 57.2 57.2 57.5 57.7 58.0 58.3 58.8 59.3 59.8 59.9 59.8 58.9 57.7 55.9 54.1 52.4 51.0 50.3 50.1 50.5 51.2 51.8 52.6 52.9 53.3 53.1 52.9 52.0 50.9 48.4 45.2 39.6 32.8 23.1 12.2 
12.3 23.1 32.5 38.6 43.1 45.3 46.6 47.4 48.0 48.8 49.6 50.3 50.8 50.8 50.7 50.2 49.7 49.4 49.1 49.1 49.1 49.4 49.6 50.1 50.4 50.9 51.3 51.9 52.4 53.0 53.5 54.0 54.3 54.1 53.6 52.5 51.0 49.1 47.3 45.7 44.5 44.2 44.2 45.1 46.2 47.6 48.8 49.7 50.2 50.2 49.8 49.3 48.7 48.6 48.9 49.9 51.1 52.5 53.9 54.9 55.8 56.1 56.4 56.4 56.7 56.8 57.1 57.4 57.8 58.0 58.5 59.0 59.6 59.9 60.3 59.9 59.3 57.8 56.3 54.3 52.6 51.1 50.2 49.9 50.1 50.6 51.4 51.9 52.6 52.8 53.0 52.6 52.1 50.6 48.6 44.8 39.9 32.2 23.2 12.0 
12.3 23.7 32.4 39.4 43.2 45.8 46.9 47.7 48.4 49.0 49.8 50.5 50.9 51.1 50.9 50.6 50.2 49.8 49.7 49.6 49.9 50.2 50.6 51.1 51.5 52.0 52.5 52.9 53.4 53.9 54.4 54.9 55.1 55.1 54.4 53.3 51.6 49.6 47.5 45.6 44.5 43.6 43.9 44.5 45.9 47.3 48.8 50.0 50.7 51.0 50.7 50.2 49.6 49.3 49.6 50.2 51.3 52.5 53.5 54.5 54.9 55.2 55.3 55.4 55.6 56.0 56.3 56.8 57.2 57.7 58.2 58.8 59.3 59.8 59.9 59.8 58.8 57.6 55.8 54.1 52.2 50.8 49.8 49.3 49.3 49.7 50.2 50.9 51.4 51.9 52.0 52.0 51.3 50.3 47.9 44.7 39.1 32.3 22.7 12.0 
12.7 23.7 33.3 39.4 44.0 46.1 47.5 48.1 48.7 49.4 50.2 50.8 51.2 51.3 51.2 50.9 50.6 50.4 50.2 50.4 50.6 51.1 51.6 52.2 52.8 53.3 53.7 54.1 54.5 54.9 55.4 55.7 56.0 55.8 55.3 53.9 52.2 50.1 47.8 46.0 44.5 44.0 43.8 44.7 45.7 47.3 48.9 50.1 51.2 51.4 51.4 50.8 50.3 50.0 50.0 50.5 51.3 52.2 53.1 53.6 53.9 53.9 53.9 54.0 54.2 54.7 55.2 55.8 56.4 56.9 57.5 58.0 58.7 59.0 59.3 58.8 58.1 56.7 55.1 53.2 51.5 50.0 48.8 48.2 48.1 48.3 48.8 49.4 50.0 50.4 50.8 50.7 50.5 49.3 47.5 43.8 39.0 31.6 22.7 11.7 
12.6 24.4 33.2 40.3 44.1 46.8 47.8 48.6 49.2 49.8 50.5 51.1 51.5 51.7 51.6 51.3 51.1 50.9 50.8 51.0 51.3 51.9 52.5 53.2 53.8 54.5 54.9 55.3 55.6 56.0 56.2 56.6 56.7 56.6 55.8 54.6 52.7 50.6 48.5 46.4 45.2 44.3 44.3 44.8 46.0 47.3 48.8 50.3 51.1 51.7 51.5 51.2 50.6 50.3 50.3 50.6 51.3 52.0 52.5 52.8 52.7 52.6 52.5 52.5 52.8 53.3 53.9 54.6 55.2 55.8 56.3 57.0 57.4 58.0 57.9 57.7 56.7 55.5 53.8 52.1 50.3 48.8 47.7 46.9 46.8 46.8 47.3 47.8 48.4 48.9 49.3 49.5 49.2 48.4 46.4 43.4 38.1 31.5 22.2 11.7 
12.9 24.1 33.8 40.1 44.7 46.8 48.2 48.9 49.5 50.2 50.9 51.4 51.8 52.0 51.9 51.7 51.5 51.4 51.3 51.5 51.8 52.4 53.1 53.8 54.6 55.2 55.8 56.1 56.4 56.6 56.9 57.1 57.3 57.0 56.4 55.0 53.3 51.2 49.1 47.2 45.7 45.0 44.8 45.3 46.1 47.4 48.7 49.9 51.0 51.3 51.4 51.0 50.6 50.3 50.4 50.7 51.2 51.6 51.9 51.9 51.6 51.4 51.1 51.2 51.4 51.9 52.6 53.2 53.8 54.3 54.9 55.4 56.0 56.3 56.5 56.1 55.3 54.0 52.4 50.6 48.9 47.5 46.3 45.7 45.4 45.6 45.9 46.5 46.9 47.5 47.9 48.1 48.1 47.2 45.7 42.4 37.9 30.7 22.2 11.4 
12.6 24.4 33.2 40.4 44.3 47.0 48.2 49.1 49.7 50.4 51.1 51.7 52.1 52.3 52.2 52.1 51.9 51.7 51.7 51.8 52.1 52.6 53.3 54.1 54.8 55.6 56.0 56.5 56.6 56.9 57.0 57.3 57.3 57.3 56.6 55.5 53.7 51.8 49.7 47.8 46.5 45.6 45.4 45.6 46.3 47.3 48.4 49.5 50.2 50.8 50.7 50.6 50.3 50.2 50.3 50.7 51.1 51.4 51.4 51.2 50.8 50.3 50.0 49.9 50.2 50.6 51.1 51.6 52.1 52.5 53.0 53.5 54.1 54.6 54.7 54.5 53.7 52.5 50.9 49.1 47.5 46.1 45.1 44.4 44.4 44.5 45.0 45.4 45.9 46.3 46.8 47.0 46.9 46.4 44.6 41.9 36.9 30.6 21.5 11.4 
12.6 23.6 33.2 39.4 44.1 46.4 48.0 48.8 49.6 50.3 51.2 51.8 52.3 52.5 52.5 52.4 52.2 52.0 51.9 51.9 52.1 52.6 53.2 53.9 54.7 55.2 55.9 56.1 56.4 56.4 56.7 56.9 57.2 57.0 56.7 55.6 54.1 52.1 50.2 48.3 46.9 46.1 45.7 45.9 46.4 47.2 48.1 48.8 49.5 49.8 49.9 49.8 49.8 49.9 50.2 50.5 50.9 51.0 51.0 50.5 50.0 49.5 49.1 49.0 49.1 49.4 49.7 49.9 50.2 50.5 50.9 51.4 52.1 52.6 53.0 52.8 52.2 51.0 49.5 47.8 46.2 44.9 43.9 43.6 43.5 43.9 44.3 44.8 45.2 45.5 45.8 46.0 46.0 45.3 43.9 40.8 36.6 29.7 21.5 11.0 
12.0 23.3 31.8 38.9 42.8 45.8 47.1 48.2 49.0 50.0 50.8 51.6 52.1 52.6 52.5 52.5 52.3 52.1 51.9 51.9 52.0 52.3 52.8 53.4 54.0 54.7 55.0 55.4 55.4 55.6 55.7 56.1 56.3 56.6 56.1 55.5 53.9 52.2 50.2 48.5 47.1 46.2 45.8 45.9 46.3 46.9 47.6 48.2 48.6 48.8 48.9 49.0 49.2 49.5 49.9 50.4 50.6 50.7 50.4 49.9 49.3 48.7 48.3 48.1 48.1 48.1 48.1 48.1 48.1 48.2 48.6 49.2 49.9 50.7 51.1 51.2 50.7 49.7 48.3 46.6 45.1 43.8 43.1 42.7 42.8 43.2 43.8 44.3 44.6 44.9 45.0 45.2 44.9 44.5 42.8 40.2 35.4 29.4 20.7 11.0 
11.8 22.1 31.1 37.2 41.9 44.3 46.1 47.1 48.2 49.0 50.1 50.9 51.7 52.0 52.4 52.2 52.1 51.7 51.6 51.5 51.6 51.7 52.1 52.5 53.1 53.4 53.8 53.8 54.0 53.9 54.2 54.4 55.0 55.1 55.3 54.4 53.5 51.6 49.9 48.1 46.8 45.9 45.6 45.6 46.0 46.4 47.0 47.3 47.6 47.7 47.9 48.1 48.4 48.8 49.4 49.7 50.1 49.9 49.7 49.0 48.5 47.9 47.5 47.2 47.0 46.8 46.5 46.2 46.0 46.0 46.3 46.9 47.8 48.7 49.4 49.6 49.4 48.4 47.2 45.6 44.1 42.9 42.1 41.9 42.1 42.5 43.2 43.5 43.9 44.0 44.2 44.1 44.0 43.1 41.9 38.9 34.8 28.2 20.4 10.5 
11.1 21.4 29.4 36.0 40.0 43.0 44.4 45.7 46.6 47.7 48.6 49.7 50.4 51.1 51.2 51.4 51.0 50.9 50.5 50.6 50.4 50.6 50.7 51.1 51.3 51.7 51.7 51.9 51.6 51.7 51.7 52.2 52.6 53.2 53.1 53.0 51.8 50.5 48.7 47.2 45.8 45.1 44.8 44.9 45.1 45.6 45.8 46.2 46.2 46.4 46.5 46.9 47.2 47.9 48.3 48.8 48.7 48.8 48.2 47.8 47.2 46.8 46.3 46.1 45.7 45.3 44.7 44.2 43.8 43.6 43.9 44.6 45.6 46.7 47.4 48.1 47.8 47.3 46.0 44.6 43.1 41.8 41.0 40.8 40.9 41.5 41.9 42.6 42.7 42.9 42.8 42.8 42.4 41.9 40.2 37.9 33.3 27.6 19.4 10.3 
10.6 19.9 28.2 33.8 38.3 40.6 42.5 43.4 44.5 45.3 46.5 47.3 48.5 48.8 49.4 49.2 49.3 48.7 48.7 48.3 48.5 48.2 48.5 48.5 48.9 48.8 49.0 48.7 48.7 48.3 48.5 48.7 49.5 49.8 50.4 49.9 49.5 48.0 46.8 45.2 44.2 43.4 43.3 43.2 43.6 43.8 44.2 44.2 44.5 44.4 44.7 44.9 45.6 45.9 46.6 46.6 46.9 46.4 46.2 45.5 45.3 44.8 44.7 44.3 44.0 43.3 42.7 41.9 41.4 41.1 41.3 42.0 43.1 44.1 45.3 45.7 46.1 45.3 44.6 43.0 41.7 40.3 39.4 39.0 39.2 39.5 40.2 40.4 41.0 40.8 41.0 40.7 40.6 39.7 38.6 35.7 32.0 25.9 18.8  9.6 
 9.7 18.8 25.8 31.7 35.1 38.0 39.2 40.5 41.1 42.2 42.9 44.2 44.7 45.7 45.6 46.0 45.5 45.5 44.9 45.0 44.6 44.8 44.6 44.9 44.7 45.0 44.7 44.7 44.1 44.1 43.9 44.4 44.7 45.5 45.7 46.0 45.2 44.7 43.2 42.3 41.1 40.8 40.3 40.6 40.6 41.1 41.1 41.5 41.3 41.7 41.6 42.2 42.4 43.2 43.2 43.7 43.2 43.2 42.5 42.4 41.9 42.1 41.7 41.8 41.1 40.8 39.7 39.1 38.2 38.0 38.0 38.8 39.6 40.9 41.7 42.8 42.7 42.8 41.6 40.7 39.0 37.9 36.7 36.3 36.1 36.6 36.9 37.6 37.6 38.0 37.8 38.0 37.4 37.1 35.4 33.5 29.3 24.4 17.1  9.1 
 8.8 16.4 23.4 27.8 31.7 33.4 35.1 35.6 36.7 37.1 38.2 38.8 39.9 40.1 40.7 40.3 40.4 39.7 39.8 39.3 39.5 39.1 39.4 39.1 39.5 39.1 39.3 38.7 38.6 38.1 38.2 38.2 38.9 39.1 39.9 39.8 39.9 39.0 38.5 37.3 36.9 36.1 36.2 35.9 36.4 36.3 36.8 36.6 37.1 36.9 37.5 37.5 38.2 38.2 38.7 38.3 38.5 37.8 37.8 37.2 37.4 37.2 37.6 37.1 37.2 36.2 35.8 34.6 34.2 33.5 33.8 34.1 35.2 35.9 37.3 37.7 38.5 38.0 37.8 36.2 35.3 33.6 32.8 32.0 32.0 32.0 32.6 32.8 33.4 33.3 33.7 33.3 33.4 32.5 31.8 29.3 26.5 21.3 15.5  7.9 
 7.1 13.9 18.9 23.5 25.8 28.0 28.6 29.6 29.8 30.7 31.0 32.1 32.3 33.1 32.9 33.2 32.6 32.6 32.0 32.1 31.7 31.9 31.6 32.0 31.7 32.0 31.5 31.6 30.9 30.9 30.5 30.8 30.9 31.7 31.8 32.4 32.0 32.0 31.2 30.9 30.0 30.0 29.5 29.8 29.6 30.1 29.9 30.5 30.3 30.8 30.7 31.3 31.2 31.8 31.5 31.7 31.1 31.1 30.5 30.7 30.4 30.9 30.7 31.1 30.5 30.4 29.4 28.9 28.0 27.8 27.5 28.1 28.5 29.7 30.2 31.4 31.4 31.8 30.9 30.4 28.9 28.0 26.8 26.3 25.9 26.2 26.2 26.9 26.9 27.4 27.2 27.6 27.1 27.0 25.7 24.5 21.3 17.9 12.5  6.7 
 5.3  9.8 14.0 16.6 19.0 19.8 20.9 21.0 21.6 21.7 22.4 22.6 23.3 23.3 23.7 23.3 23.3 22.8 22.9 22.5 22.6 22.3 22.6 22.4 22.7 22.4 22.5 22.1 22.0 21.6 21.6 21.5 21.9 22.0 22.6 22.6 22.9 22.5 22.5 21.8 21.8 21.2 21.4 21.1 21.4 21.2 21.7 21.6 22.0 21.9 22.4 22.2 22.7 22.5 22.8 22.4 22.4 21.9 21.9 21.6 22.0 21.9 22.4 22.1 22.4 21.7 21.5 20.6 20.3 19.8 19.9 19.9 20.6 21.0 21.9 22.1 22.8 22.5 22.6 21.6 21.1 19.9 19.3 18.6 18.5 18.4 18.8 18.8 19.3 19.2 19.6 19.4 19.6 19.0 18.7 17.2 15.6 12.5  9.2  4.7 
 2.7  5.3  7.2  8.9  9.8 10.6 10.8 11.2 11.2 11.5 11.6 12.0 12.0 12.3 12.2 12.3 12.0 12.0 11.7 11.8 11.6 11.7 11.6 11.8 11.6 11.8 11.6 11.6 11.3 11.3 11.1 11.2 11.2 11.5 11.5 11.8 11.7 11.9 11.6 11.6 11.2 11.3 11.0 11.2 11.0 11.3 11.2 11.4 11.4 11.6 11.6 11.8 11.7 12.0 11.8 11.8 11.5 11.5 11.3 11.4 11.3 11.6 11.6 11.8 11.6 11.6 11.1 11.0 10.5 10.5 10.3 10.5 10.6 11.1 11.3 11.8 11.8 12.0 11.6 11.5 10.9 10.6 10.0  9.8  9.5  9.6  9.6  9.9  9.9 10.2 10.1 10.3 10.1 10.1  9.6  9.2  8.0  6.7  4.7  2.5 

