11695.00
2703.00
1333.00
825.00
589.00
438.00
350.00
293.00
231.00
191.00
163.00
139.00
111.00
85.00
65.00
49.00
40.00
25.00
11.00
7.00
1.00
 2.5  4.7  6.8  8.2  9.5 10.1 10.7 10.7 10.8 10.6 10.6 10.4 10.4 10.3 10.5 10.4 10.6 10.3 10.2  9.6  8.9  7.6  6.3  4.3  2.3 
 4.7  9.3 12.9 16.2 18.1 19.9 20.4 20.9 20.7 20.7 20.3 20.3 20.1 20.3 20.2 20.4 20.2 20.3 19.5 18.8 16.9 15.0 11.8  8.5  4.3 
 6.8 12.9 18.7 22.7 26.3 27.9 29.4 29.5 29.8 29.4 29.3 28.9 29.0 28.8 29.0 28.9 29.1 28.4 28.0 26.2 24.4 20.9 17.1 11.8  6.2 
 8.3 16.4 22.8 28.6 32.1 35.2 36.2 37.2 36.9 37.0 36.5 36.4 36.0 36.2 36.0 36.3 35.8 35.7 34.3 32.9 29.7 26.3 20.8 14.9  7.5 
 9.7 18.4 26.6 32.4 37.4 40.0 42.2 42.5 43.0 42.6 42.5 42.0 42.0 41.7 41.9 41.6 41.6 40.6 39.7 37.2 34.4 29.5 24.1 16.6  8.7 
10.4 20.4 28.5 35.8 40.3 44.2 45.7 47.0 46.9 47.1 46.6 46.5 46.1 46.2 45.8 45.9 45.2 44.6 42.8 40.8 36.8 32.4 25.7 18.3  9.3 
11.1 21.1 30.4 37.2 43.0 46.2 48.7 49.4 50.1 49.8 49.7 49.3 49.2 48.9 48.9 48.3 47.9 46.6 45.2 42.3 38.9 33.4 27.1 18.8  9.9 
11.2 22.0 30.9 38.7 43.8 47.9 49.9 51.4 51.6 51.8 51.4 51.3 51.0 50.9 50.4 50.1 49.1 48.1 45.9 43.5 39.2 34.3 27.2 19.4  9.9 
11.5 22.0 31.6 38.7 44.7 48.3 51.0 52.0 52.7 52.6 52.6 52.2 52.1 51.7 51.4 50.6 49.8 48.2 46.4 43.2 39.5 33.9 27.5 19.1 10.0 
11.4 22.3 31.3 39.2 44.5 48.7 50.9 52.4 52.8 53.1 52.8 52.7 52.3 52.1 51.5 50.8 49.6 48.1 45.7 42.9 38.7 33.7 26.7 19.0  9.7 
11.5 22.0 31.5 38.7 44.7 48.3 51.0 52.1 52.9 52.9 52.8 52.5 52.3 51.8 51.3 50.3 49.2 47.3 45.1 41.9 38.0 32.6 26.3 18.3  9.6 
11.3 22.1 31.0 38.8 44.1 48.2 50.4 51.9 52.4 52.6 52.4 52.2 51.8 51.4 50.7 49.7 48.3 46.5 44.0 41.0 36.9 31.9 25.4 18.0  9.2 
11.3 21.7 31.1 38.1 43.9 47.5 50.1 51.3 51.9 52.0 51.9 51.6 51.3 50.8 50.1 48.9 47.5 45.5 43.1 39.9 36.1 30.9 24.9 17.3  9.0 
11.1 21.7 30.4 38.0 43.2 47.2 49.3 50.8 51.3 51.5 51.3 51.1 50.7 50.2 49.3 48.3 46.7 44.7 42.2 39.1 35.1 30.3 24.0 17.0  8.7 
11.1 21.2 30.4 37.3 42.9 46.4 48.9 50.0 50.7 50.9 50.8 50.6 50.2 49.6 48.8 47.6 46.0 43.9 41.5 38.3 34.5 29.5 23.7 16.5  8.6 
10.9 21.2 29.7 37.1 42.0 45.9 48.0 49.5 50.0 50.3 50.2 50.1 49.7 49.1 48.2 47.0 45.3 43.4 40.7 37.7 33.7 29.1 23.1 16.3  8.3 
10.8 20.6 29.6 36.2 41.6 44.9 47.4 48.6 49.4 49.6 49.7 49.4 49.1 48.4 47.6 46.2 44.7 42.5 40.1 36.9 33.3 28.4 22.8 15.8  8.2 
10.5 20.5 28.6 35.7 40.4 44.2 46.2 47.8 48.4 48.8 48.7 48.7 48.1 47.6 46.5 45.4 43.6 41.7 39.0 36.2 32.3 27.9 22.1 15.6  8.0 
10.3 19.5 28.0 34.2 39.5 42.6 45.1 46.2 47.1 47.2 47.5 47.1 46.8 46.0 45.2 43.7 42.2 40.0 37.8 34.7 31.3 26.7 21.5 14.9  7.8 
 9.6 18.9 26.3 32.9 37.2 40.8 42.6 44.2 44.6 45.2 45.0 45.0 44.3 43.8 42.5 41.5 39.6 38.0 35.5 33.0 29.3 25.4 20.1 14.2  7.2 
 9.0 17.1 24.6 29.9 34.7 37.3 39.6 40.5 41.5 41.4 41.7 41.2 41.0 39.9 39.2 37.7 36.5 34.4 32.6 29.8 27.0 23.0 18.6 12.8  6.7 
 7.8 15.3 21.2 26.7 30.0 33.1 34.4 35.9 36.1 36.7 36.3 36.3 35.5 35.1 33.9 33.0 31.4 30.1 28.1 26.2 23.2 20.2 15.9 11.3  5.7 
 6.5 12.2 17.6 21.3 24.8 26.5 28.3 28.8 29.6 29.4 29.7 29.1 29.0 28.0 27.5 26.3 25.5 24.0 22.8 20.8 18.9 16.0 13.0  9.0  4.7 
 4.5  8.8 12.2 15.4 17.3 19.1 19.8 20.7 20.7 21.1 20.7 20.8 20.2 20.0 19.2 18.7 17.7 17.0 15.8 14.8 13.1 11.4  9.0  6.4  3.2 
 2.4  4.5  6.5  7.8  9.1  9.8 10.4 10.6 10.9 10.8 10.9 10.6 10.6 10.2 10.0  9.6  9.3  8.7  8.3  7.5  6.9  5.8  4.7  3.3  1.7 

